|  Temperature  |  # Accepted configurations |

       1.0000000        0.0080400000
       1.1000000         0.010450000
       1.2000000        0.0077700000
       1.3000000         0.013310000
       1.4000000         0.012260000
       1.5000000         0.022972500
       1.6000000         0.027462500
       1.7000000         0.052130000
       1.8000000         0.053980000
       1.9000000         0.063782500
       2.0000000         0.089467500
       2.1000000          0.14204500
       2.2000000          0.15134750
       2.3000000          0.20705500
       2.4000000          0.28094000