|  # Monte Carlo cycles  | Energy-Mean | Magnetization-Mean | # Accepted configurations |  Specific heat  | Susceptibility | Temperature |

                   1          -2.0000000           1.0000000           0.0000000           0.0000000           0.0000000           1.0000000
                 101          -1.9986139          0.99965347       0.00029702970         0.010320557       0.00064503480           1.0000000
                 201          -1.9971642          0.99927861       0.00057213930         0.020066830        0.0013341254           1.0000000
                 301          -1.9975415          0.99936877       0.00051495017         0.018047483        0.0012359687           1.0000000
                 401          -1.9978554          0.99945137       0.00049875312         0.015915821        0.0010766102           1.0000000
                 501          -1.9977645          0.99943114       0.00049401198         0.016364238        0.0010881232           1.0000000
                 601          -1.9972879          0.99930948       0.00056572379         0.021217438        0.0014232519           1.0000000
                 701          -1.9973894          0.99933666       0.00057061341         0.020269719        0.0013503839           1.0000000
                 801          -1.9973408          0.99932584       0.00060549313         0.020692112        0.0013662697           1.0000000
                 901          -1.9973807          0.99933407       0.00061598224         0.020341143        0.0013542481           1.0000000
                1001          -1.9973227          0.99932068       0.00062937063         0.021108801        0.0013938309           1.0000000
                1101          -1.9974569          0.99935513       0.00060853769         0.020083270        0.0013232129           1.0000000
                1201          -1.9973855          0.99933805       0.00060782681         0.020579686        0.0013484600           1.0000000
                1301          -1.9973251          0.99931207       0.00063412759         0.021980467        0.0015555113           1.0000000
                1401          -1.9972734          0.99930050       0.00065667380         0.022036916        0.0015458928           1.0000000
                1501          -1.9973018          0.99930713       0.00067621586         0.021951308        0.0015401502           1.0000000
                1601          -1.9973392          0.99931605       0.00067457839         0.021802582        0.0015305628           1.0000000
                1701          -1.9973545          0.99932099       0.00067313345         0.021891884        0.0015263353           1.0000000
                1801          -1.9973570          0.99932260       0.00068295391         0.021858841        0.0015155070           1.0000000
                1901          -1.9973961          0.99933193       0.00069174119         0.021675062        0.0015047979           1.0000000
                2001          -1.9973963          0.99933283       0.00069965017         0.021496198        0.0014861235           1.0000000
                2101          -1.9973394          0.99931937       0.00069490719         0.021671020        0.0014900907           1.0000000
                2201          -1.9973421          0.99932076       0.00069286688         0.021508657        0.0014737921           1.0000000
                2301          -1.9973229          0.99931551       0.00069752282         0.021748645        0.0014944696           1.0000000
                2401          -1.9972845          0.99930654       0.00069762599         0.022239852        0.0015194315           1.0000000
                2501          -1.9973211          0.99931627       0.00070171931         0.022015383        0.0015003323           1.0000000
                2601          -1.9973164          0.99931565       0.00070549789         0.021909818        0.0014889432           1.0000000
                2701          -1.9972677          0.99930396       0.00070714550         0.022189629        0.0015018804           1.0000000
                2801          -1.9972938          0.99930918       0.00070599786         0.022004596        0.0014977871           1.0000000
                2901          -1.9973078          0.99931231       0.00070320579         0.022016424        0.0015033507           1.0000000
                3001          -1.9973142          0.99931356       0.00070643119         0.021906389        0.0014976259           1.0000000
                3101          -1.9973621          0.99932602       0.00069977427         0.021518519        0.0014693828           1.0000000
                3201          -1.9973258          0.99931740       0.00070759138         0.021631884        0.0014724799           1.0000000
                3301          -1.9973766          0.99933051       0.00070130264         0.021239739        0.0014444614           1.0000000
                3401          -1.9973743          0.99932961       0.00069832402         0.021199943        0.0014432824           1.0000000
                3501          -1.9973807          0.99933162       0.00069408740         0.021351781        0.0014494133           1.0000000
                3601          -1.9974118          0.99933907       0.00069425160         0.021113941        0.0014359336           1.0000000
                3701          -1.9973467          0.99932045       0.00070116185         0.022236610        0.0015310394           1.0000000
                3801          -1.9972954          0.99930808       0.00070376217         0.022520096        0.0015448821           1.0000000
                3901          -1.9973033          0.99931043       0.00070622917         0.022540912        0.0015426881           1.0000000
                4001          -1.9972682          0.99930142       0.00071607098         0.023238314        0.0015868515           1.0000000
                4101          -1.9972763          0.99930383       0.00071445989         0.023084709        0.0015739995           1.0000000
                4201          -1.9972721          0.99930255       0.00071233040         0.023036231        0.0015716699           1.0000000
                4301          -1.9973030          0.99931063       0.00070448733         0.022758824        0.0015513606           1.0000000
                4401          -1.9972733          0.99930357       0.00070836174         0.022838461        0.0015533228           1.0000000
                4501          -1.9972739          0.99930349       0.00071428571         0.022915017        0.0015588923           1.0000000
                4601          -1.9972767          0.99930341       0.00071506194         0.022932127        0.0015642196           1.0000000
                4701          -1.9972219          0.99928632       0.00072218677         0.023630512        0.0016533172           1.0000000
                4801          -1.9972547          0.99929494       0.00071339304         0.023413243        0.0016361897           1.0000000
                4901          -1.9972495          0.99929402       0.00071618037         0.023482866        0.0016369977           1.0000000
                5001          -1.9972565          0.99929614       0.00071785643         0.023352117        0.0016254681           1.0000000
                5101          -1.9972260          0.99928641       0.00072240737         0.023591326        0.0016586982           1.0000000
                5201          -1.9972544          0.99929341       0.00071861181         0.023364158        0.0016441656           1.0000000
                5301          -1.9972420          0.99929070       0.00072910772         0.023352460        0.0016399194           1.0000000
                5401          -1.9972505          0.99929180       0.00072579152         0.023289766        0.0016416313           1.0000000
                5501          -1.9972787          0.99929922       0.00072032358         0.023047576        0.0016232312           1.0000000
                5601          -1.9972523          0.99929298       0.00072308516         0.023353868        0.0016390083           1.0000000
                5701          -1.9972724          0.99929837       0.00072268023         0.023215994        0.0016273268           1.0000000
                5801          -1.9972453          0.99929150       0.00072918462         0.023594548        0.0016506169           1.0000000
                5901          -1.9972479          0.99929249       0.00072657177         0.023501528        0.0016418341           1.0000000
                6001          -1.9972505          0.99929345       0.00072487919         0.023571575        0.0016433416           1.0000000
                6101          -1.9972382          0.99929028       0.00072897886         0.023587147        0.0016441183           1.0000000
                6201          -1.9972569          0.99929527       0.00072609257         0.023405242        0.0016300823           1.0000000
                6301          -1.9972687          0.99929852       0.00072210760         0.023418131        0.0016282797           1.0000000
                6401          -1.9972332          0.99928917       0.00072527730         0.023590112        0.0016413523           1.0000000
                6501          -1.9972143          0.99928396       0.00072527303         0.023716383        0.0016515500           1.0000000
                6601          -1.9971974          0.99927890       0.00073170732         0.023920727        0.0016705075           1.0000000
                6701          -1.9972124          0.99928294       0.00073123414         0.023765218        0.0016582325           1.0000000
                6801          -1.9971931          0.99927731       0.00073298044         0.023909161        0.0016716947           1.0000000
                6901          -1.9972048          0.99928054       0.00072887987         0.023775087        0.0016607956           1.0000000
                7001          -1.9971947          0.99927725       0.00073203828         0.023831089        0.0016707822           1.0000000
                7101          -1.9972145          0.99928250       0.00073158710         0.023653139        0.0016571927           1.0000000
                7201          -1.9971907          0.99927649       0.00073531454         0.023878195        0.0016709074           1.0000000
                7301          -1.9972209          0.99928434       0.00073414601         0.023641290        0.0016537844           1.0000000
                7401          -1.9972206          0.99928456       0.00073300905         0.023625385        0.0016504107           1.0000000
                7501          -1.9972150          0.99928343       0.00073523530         0.023598035        0.0016463634           1.0000000
                7601          -1.9972175          0.99928430       0.00073542955         0.023525827        0.0016396062           1.0000000
                7701          -1.9972043          0.99928061       0.00073399558         0.023784324        0.0016602828           1.0000000
                7801          -1.9971863          0.99927637       0.00073516216         0.023911722        0.0016659472           1.0000000
                7901          -1.9972092          0.99928237       0.00073345146         0.023721715        0.0016519951           1.0000000
                8001          -1.9972166          0.99928446       0.00073178353         0.023742714        0.0016512215           1.0000000
                8101          -1.9972176          0.99928466       0.00073509443         0.023774118        0.0016531086           1.0000000
                8201          -1.9972089          0.99928240       0.00073649555         0.023958600        0.0016657457           1.0000000
                8301          -1.9971835          0.99927599       0.00073846525         0.024177789        0.0016792533           1.0000000
                8401          -1.9972027          0.99928104       0.00073443638         0.024009703        0.0016668239           1.0000000
                8501          -1.9972003          0.99928067       0.00073697212         0.023967432        0.0016622192           1.0000000
                8601          -1.9972050          0.99928206       0.00073479828         0.023885949        0.0016552365           1.0000000
                8701          -1.9971877          0.99927767       0.00073640961         0.023982647        0.0016611953           1.0000000
                8801          -1.9972105          0.99928360       0.00073287126         0.023798153        0.0016479093           1.0000000
                8901          -1.9972262          0.99928716       0.00073025503         0.023683350        0.0016426030           1.0000000
                9001          -1.9972048          0.99928175       0.00073158538         0.023929414        0.0016589930           1.0000000
                9101          -1.9971893          0.99927810       0.00073068894         0.023966720        0.0016594715           1.0000000
                9201          -1.9971851          0.99927725       0.00073470275         0.023940606        0.0016560691           1.0000000
                9301          -1.9971906          0.99927857       0.00073647995         0.023906721        0.0016539821           1.0000000
                9401          -1.9971939          0.99927933       0.00073502819         0.023902797        0.0016548229           1.0000000
                9501          -1.9971961          0.99928008       0.00073360699         0.023841856        0.0016493303           1.0000000
                9601          -1.9971972          0.99928028       0.00073273617         0.023834007        0.0016488598           1.0000000
                9701          -1.9971982          0.99928049       0.00073214102         0.023793333        0.0016463373           1.0000000
                9801          -1.9971778          0.99927456       0.00073716968         0.024019550        0.0016668564           1.0000000
                9901          -1.9971841          0.99927634       0.00073527926         0.023936707        0.0016600321           1.0000000
               10001          -1.9971913          0.99927807       0.00073492651         0.023861737        0.0016553417           1.0000000
               10101          -1.9972072          0.99928225       0.00073210573         0.023724990        0.0016452354           1.0000000
               10201          -1.9971915          0.99927801       0.00073399667         0.023920600        0.0016589573           1.0000000
               10301          -1.9971915          0.99927823       0.00073415202         0.024030719        0.0016642503           1.0000000
               10401          -1.9972032          0.99928132       0.00073117969         0.023918459        0.0016557200           1.0000000
               10501          -1.9972012          0.99928102       0.00073254928         0.023946056        0.0016559073           1.0000000
               10601          -1.9971899          0.99927837       0.00073530799         0.023967051        0.0016556751           1.0000000
               10701          -1.9972087          0.99928324       0.00073217456         0.023815458        0.0016447990           1.0000000
               10801          -1.9972141          0.99928479       0.00073048792         0.023741271        0.0016387368           1.0000000
               10901          -1.9972232          0.99928722       0.00073066691         0.023647224        0.0016314727           1.0000000
               11001          -1.9972157          0.99928552       0.00073220616         0.023649382        0.0016301857           1.0000000
               11101          -1.9972174          0.99928610       0.00073461850         0.023599477        0.0016257038           1.0000000
               11201          -1.9971985          0.99928131       0.00073721096         0.023708162        0.0016325178           1.0000000
               11301          -1.9971914          0.99927882       0.00073975754         0.023766216        0.0016448959           1.0000000
               11401          -1.9972002          0.99928120       0.00073897027         0.023676233        0.0016379076           1.0000000
               11501          -1.9972107          0.99928398       0.00073558821         0.023577725        0.0016304160           1.0000000
               11601          -1.9972140          0.99928498       0.00073657443         0.023520647        0.0016255106           1.0000000
               11701          -1.9972105          0.99928425       0.00073540723         0.023531341        0.0016248385           1.0000000
               11801          -1.9971985          0.99928142       0.00073722566         0.023644905        0.0016305877           1.0000000
               11901          -1.9971834          0.99927779       0.00073985379         0.023695104        0.0016323879           1.0000000
               12001          -1.9971827          0.99927756       0.00073910507         0.023699634        0.0016327455           1.0000000
               12101          -1.9971928          0.99928022       0.00073878192         0.023605957        0.0016256758           1.0000000
               12201          -1.9971773          0.99927629       0.00073887386         0.023722172        0.0016329688           1.0000000
               12301          -1.9971921          0.99928014       0.00073611901         0.023601823        0.0016242789           1.0000000
               12401          -1.9971897          0.99927949       0.00073542456         0.023642046        0.0016268777           1.0000000
               12501          -1.9972002          0.99928206       0.00073474122         0.023582364        0.0016232770           1.0000000
               12601          -1.9972129          0.99928537       0.00073525911         0.023474890        0.0016154208           1.0000000
               12701          -1.9972097          0.99928470       0.00073399732         0.023485100        0.0016148813           1.0000000
               12801          -1.9972174          0.99928677       0.00073197406         0.023407045        0.0016088821           1.0000000
               12901          -1.9972343          0.99929114       0.00072901325         0.023276355        0.0015996427           1.0000000
               13001          -1.9972410          0.99929275       0.00072802092         0.023214645        0.0015959328           1.0000000
               13101          -1.9972384          0.99929204       0.00072857034         0.023255768        0.0015986157           1.0000000
               13201          -1.9972388          0.99929210       0.00073176275         0.023230238        0.0015971416           1.0000000
               13301          -1.9972340          0.99929103       0.00073114803         0.023226537        0.0015958024           1.0000000
               13401          -1.9972248          0.99928849       0.00073390046         0.023326366        0.0016040807           1.0000000
               13501          -1.9972343          0.99929079       0.00073327902         0.023249477        0.0015994177           1.0000000
               13601          -1.9972384          0.99929196       0.00073119624         0.023194640        0.0015949301           1.0000000
               13701          -1.9972265          0.99928874       0.00073279323         0.023297751        0.0016026203           1.0000000
               13801          -1.9972248          0.99928810       0.00073219332         0.023300089        0.0016051166           1.0000000
               13901          -1.9972211          0.99928710       0.00073124236         0.023300473        0.0016052134           1.0000000
               14001          -1.9972181          0.99928648       0.00073066210         0.023379566        0.0016090831           1.0000000
               14101          -1.9972101          0.99928445       0.00073079923         0.023426605        0.0016120865           1.0000000
               14201          -1.9972065          0.99928350       0.00072987818         0.023471114        0.0016149461           1.0000000
               14301          -1.9972163          0.99928606       0.00072827075         0.023407595        0.0016099773           1.0000000
               14401          -1.9972064          0.99928373       0.00072859524         0.023457128        0.0016120180           1.0000000
               14501          -1.9972023          0.99928281       0.00072719123         0.023496194        0.0016134392           1.0000000
               14601          -1.9972064          0.99928395       0.00072529279         0.023465441        0.0016105398           1.0000000
               14701          -1.9972056          0.99928372       0.00072512074         0.023470713        0.0016109814           1.0000000
               14801          -1.9972076          0.99928417       0.00072461320         0.023438713        0.0016091016           1.0000000
               14901          -1.9972136          0.99928562       0.00072377693         0.023383909        0.0016058092           1.0000000
               15001          -1.9972115          0.99928471       0.00072428505         0.023391983        0.0016085590           1.0000000
               15101          -1.9972260          0.99928846       0.00072081319         0.023280514        0.0016006749           1.0000000
               15201          -1.9972324          0.99929018       0.00072001842         0.023216048        0.0015957114           1.0000000
               15301          -1.9972374          0.99929155       0.00071988759         0.023159961        0.0015912789           1.0000000
               15401          -1.9972372          0.99929160       0.00071813519         0.023134668        0.0015887645           1.0000000
               15501          -1.9972337          0.99929069       0.00071769563         0.023136113        0.0015889593           1.0000000
               15601          -1.9972348          0.99929107       0.00071758221         0.023103877        0.0015860328           1.0000000
               15701          -1.9972333          0.99929081       0.00071842558         0.023107176        0.0015853299           1.0000000
               15801          -1.9972419          0.99929308       0.00071546105         0.023031556        0.0015797414           1.0000000
               15901          -1.9972517          0.99929564       0.00071347714         0.022949532        0.0015737674           1.0000000
               16001          -1.9972539          0.99929629       0.00071229923         0.022912001        0.0015705586           1.0000000
               16101          -1.9972381          0.99929228       0.00071424135         0.023026558        0.0015778034           1.0000000
               16201          -1.9972397          0.99929264       0.00071415345         0.023039524        0.0015787572           1.0000000
               16301          -1.9972358          0.99929145       0.00071498681         0.023116202        0.0015868057           1.0000000
               16401          -1.9972368          0.99929181       0.00071550515         0.023085658        0.0015840349           1.0000000
               16501          -1.9972402          0.99929277       0.00071707775         0.023060838        0.0015816406           1.0000000
               16601          -1.9972387          0.99929251       0.00071817963         0.023102776        0.0015834121           1.0000000
               16701          -1.9972349          0.99929136       0.00071911862         0.023143704        0.0015876473           1.0000000
               16801          -1.9972359          0.99929171       0.00071781442         0.023113724        0.0015849374           1.0000000
               16901          -1.9972374          0.99929176       0.00071682149         0.023125641        0.0015886005           1.0000000
               17001          -1.9972266          0.99928739       0.00072054585         0.023281825        0.0016208879           1.0000000
               17101          -1.9972236          0.99928659       0.00072042571         0.023338386        0.0016243826           1.0000000
               17201          -1.9972193          0.99928551       0.00072176036         0.023428903        0.0016305768           1.0000000
               17301          -1.9972210          0.99928588       0.00072163459         0.023420247        0.0016300108           1.0000000
               17401          -1.9972151          0.99928452       0.00072237228         0.023429547        0.0016296149           1.0000000
               17501          -1.9972082          0.99928290       0.00072253014         0.023481874        0.0016319152           1.0000000
               17601          -1.9972041          0.99928186       0.00072439066         0.023505836        0.0016333776           1.0000000
               17701          -1.9972013          0.99928111       0.00072524151         0.023550123        0.0016366799           1.0000000
               17801          -1.9971850          0.99927673       0.00072664457         0.023693946        0.0016473872           1.0000000
               17901          -1.9971666          0.99927211       0.00072775264         0.023781731        0.0016527694           1.0000000
               18001          -1.9971657          0.99927198       0.00072718182         0.023763006        0.0016506719           1.0000000
               18101          -1.9971725          0.99927380       0.00072620297         0.023700131        0.0016458552           1.0000000
               18201          -1.9971743          0.99927422       0.00072605901         0.023672894        0.0016441380           1.0000000
               18301          -1.9971777          0.99927490       0.00072591662         0.023643097        0.0016431444           1.0000000
               18401          -1.9971833          0.99927640       0.00072360198         0.023588081        0.0016388292           1.0000000
               18501          -1.9971834          0.99927653       0.00072469056         0.023582006        0.0016375611           1.0000000
               18601          -1.9971819          0.99927585       0.00072522983         0.023639024        0.0016428286           1.0000000
               18701          -1.9971927          0.99927865       0.00072295599         0.023554138        0.0016366818           1.0000000
               18801          -1.9971853          0.99927690       0.00072336578         0.023608186        0.0016391566           1.0000000
               18901          -1.9971827          0.99927623       0.00072271308         0.023623685        0.0016400997           1.0000000
               19001          -1.9971812          0.99927583       0.00072338298         0.023616128        0.0016396061           1.0000000
               19101          -1.9971876          0.99927752       0.00072352233         0.023557236        0.0016350943           1.0000000
               19201          -1.9971824          0.99927634       0.00072287902         0.023598144        0.0016367844           1.0000000
               19301          -1.9971877          0.99927776       0.00072301953         0.023545908        0.0016327018           1.0000000
               19401          -1.9971940          0.99927942       0.00072187001         0.023488256        0.0016282928           1.0000000
               19501          -1.9971971          0.99928029       0.00072150146         0.023448883        0.0016250226           1.0000000
               19601          -1.9971956          0.99927988       0.00072139177         0.023442466        0.0016246224           1.0000000
               19701          -1.9972027          0.99928176       0.00072052180         0.023380330        0.0016199571           1.0000000
               19801          -1.9972006          0.99928110       0.00072041816         0.023472185        0.0016270171           1.0000000
               19901          -1.9971986          0.99928044       0.00072132054         0.023490755        0.0016289809           1.0000000