|   # Monte Carlo cycles  | Energy-Mean | Magnetization-Mean | # Accepted configurations |  Specific heat  | Susceptibility | Temperature |

                   1          -1.8700000          0.96500000         0.047500000           0.0000000           0.0000000           2.4000000
                 101          -1.3154455          0.60930693          0.23841584           1.1353857           2.5713721           2.4000000
                 201          -1.2332836          0.43808458          0.26828358           1.3843397           10.231665           2.4000000
                 301          -1.2426578          0.48554817          0.26700166           1.5547881           9.1515418           2.4000000
                 401          -1.2748628          0.54064838          0.25610973           1.6981188           8.8503871           2.4000000
                 501          -1.2377246          0.46709581          0.26952595           1.8982044           11.176513           2.4000000
                 601          -1.2312313          0.45358569          0.27146423           1.7542162           10.045507           2.4000000
                 701          -1.2365050          0.46475749          0.26990728           1.6729610           9.3605109           2.4000000
                 801          -1.2315855          0.44465668          0.27166667           1.5379635           9.2774304           2.4000000
                 901          -1.2347503          0.44912875          0.27080466           1.4892611           8.9666188           2.4000000
                1001          -1.2386314          0.46113387          0.26895854           1.5083961           8.9171475           2.4000000
                1101          -1.2406540          0.46139419          0.26811308           1.4458024           8.3935112           2.4000000
                1201          -1.2339800          0.44867610          0.27080558           1.4360126           8.2155488           2.4000000
                1301          -1.2301153          0.43943505          0.27256726           1.3871425           8.0170330           2.4000000
                1401          -1.2242684          0.41797645          0.27489115           1.3606192           8.5255518           2.4000000
                1501          -1.2198268          0.41380413          0.27636076           1.3515321           8.2619063           2.4000000
                1601          -1.2211181          0.41322299          0.27585259           1.3292516           7.8317686           2.4000000
                1701          -1.2165079          0.39966196          0.27747648           1.3096323           8.0801666           2.4000000
                1801          -1.2070128          0.38647418          0.28092865           1.3845676           8.2011809           2.4000000
                1901          -1.2108048          0.39137559          0.27933719           1.4105832           8.5875265           2.4000000
                2001          -1.2165517          0.40382309          0.27720140           1.4361016           8.7421126           2.4000000
                2101          -1.2158115          0.40692527          0.27743931           1.3883052           8.4275692           2.4000000
                2201          -1.2125216          0.39606997          0.27850409           1.3762591           8.5974675           2.4000000
                2301          -1.2117427          0.38955020          0.27882334           1.3344292           8.5187353           2.4000000
                2401          -1.2137193          0.39594752          0.27820804           1.3164968           8.4245571           2.4000000
                2501          -1.2136785          0.39920832          0.27810976           1.2979519           8.2288473           2.4000000
                2601          -1.2131603          0.40061515          0.27841888           1.2755410           8.0664114           2.4000000
                2701          -1.2137727          0.40293040          0.27815531           1.2701946           7.9008627           2.4000000
                2801          -1.2188540          0.41309711          0.27617101           1.3268828           8.1905247           2.4000000
                2901          -1.2221131          0.41939504          0.27492761           1.3482982           8.2439425           2.4000000
                3001          -1.2267844          0.42932023          0.27305565           1.3684436           8.4668923           2.4000000
                3101          -1.2279974          0.43402128          0.27250000           1.3770035           8.4985330           2.4000000
                3201          -1.2242893          0.42715870          0.27396048           1.3807883           8.5436209           2.4000000
                3301          -1.2247380          0.42904726          0.27374583           1.3828574           8.4314616           2.4000000
                3401          -1.2246839          0.42774919          0.27364525           1.3671160           8.3622609           2.4000000
                3501          -1.2221137          0.42064410          0.27467795           1.3586150           8.4421819           2.4000000
                3601          -1.2213802          0.42108720          0.27507637           1.3456224           8.3130088           2.4000000
                3701          -1.2212510          0.42344366          0.27516955           1.3257548           8.1935822           2.4000000
                3801          -1.2200132          0.41946198          0.27571165           1.3148020           8.2090557           2.4000000
                3901          -1.2239708          0.42675981          0.27419636           1.3422234           8.3743375           2.4000000
                4001          -1.2249063          0.42812047          0.27388028           1.3467708           8.2885077           2.4000000
                4101          -1.2232065          0.42590710          0.27450073           1.3507162           8.3270148           2.4000000
                4201          -1.2209236          0.42064032          0.27540705           1.3503633           8.3842886           2.4000000
                4301          -1.2183957          0.41774239          0.27632062           1.3529433           8.3236216           2.4000000
                4401          -1.2185140          0.41806862          0.27619746           1.3356100           8.2610878           2.4000000
                4501          -1.2182782          0.41495334          0.27640691           1.3175892           8.2300411           2.4000000
                4601          -1.2171441          0.41406542          0.27690502           1.3071686           8.1687778           2.4000000
                4701          -1.2167709          0.41178685          0.27696501           1.2991973           8.1888496           2.4000000
                4801          -1.2153572          0.40674651          0.27757082           1.2968596           8.2553194           2.4000000
                4901          -1.2155315          0.40810447          0.27753826           1.3023156           8.2309832           2.4000000
                5001          -1.2147031          0.40779144          0.27784493           1.2910194           8.1623153           2.4000000
                5101          -1.2130523          0.40367183          0.27855421           1.2899673           8.1946751           2.4000000
                5201          -1.2112171          0.39867333          0.27922755           1.2881657           8.2732550           2.4000000
                5301          -1.2093322          0.39515469          0.27999764           1.2923746           8.3256248           2.4000000
                5401          -1.2075486          0.39210887          0.28065590           1.2946644           8.2773739           2.4000000
                5501          -1.2089802          0.39501818          0.28013316           1.3028184           8.2806519           2.4000000
                5601          -1.2072880          0.39121318          0.28077084           1.2981301           8.2960612           2.4000000
                5701          -1.2089651          0.39541572          0.28017979           1.3088432           8.3648648           2.4000000
                5801          -1.2088502          0.39498621          0.28027280           1.3132510           8.3847296           2.4000000
                5901          -1.2100000          0.39748348          0.27978817           1.3167213           8.4130057           2.4000000
                6001          -1.2096051          0.39614898          0.27989502           1.3154123           8.3163140           2.4000000
                6101          -1.2097082          0.39604163          0.27979839           1.3051194           8.2089536           2.4000000
                6201          -1.2108563          0.39879374          0.27936744           1.3107020           8.1883373           2.4000000
                6301          -1.2108808          0.39801539          0.27936240           1.3002280           8.1797891           2.4000000
                6401          -1.2116435          0.40059991          0.27911850           1.2932562           8.1578789           2.4000000
                6501          -1.2123996          0.40340871          0.27878749           1.2885621           8.1480032           2.4000000
                6601          -1.2119361          0.40395016          0.27902591           1.2957302           8.1893091           2.4000000
                6701          -1.2106462          0.39964632          0.27954932           1.2961675           8.3032038           2.4000000
                6801          -1.2109484          0.39972357          0.27943574           1.2943948           8.3612552           2.4000000
                6901          -1.2108767          0.39941385          0.27942545           1.2875650           8.3485679           2.4000000
                7001          -1.2123854          0.40252107          0.27882838           1.2939834           8.3914073           2.4000000
                7101          -1.2137023          0.40530559          0.27835903           1.2973756           8.3975963           2.4000000
                7201          -1.2144730          0.40724413          0.27804402           1.2985410           8.3886540           2.4000000
                7301          -1.2155294          0.41005068          0.27766162           1.3019875           8.4077622           2.4000000
                7401          -1.2137941          0.40705513          0.27839819           1.3161872           8.4488434           2.4000000
                7501          -1.2136049          0.40754633          0.27843288           1.3194345           8.4322149           2.4000000
                7601          -1.2161531          0.41165373          0.27753355           1.3468816           8.5535020           2.4000000
                7701          -1.2170562          0.41312817          0.27713381           1.3411603           8.5092064           2.4000000
                7801          -1.2186092          0.41611909          0.27652833           1.3497451           8.5493672           2.4000000
                7901          -1.2186483          0.41668333          0.27654442           1.3408022           8.4712687           2.4000000
                8001          -1.2184277          0.41438695          0.27659855           1.3310074           8.4650662           2.4000000
                8101          -1.2194099          0.41721146          0.27624830           1.3385297           8.4927994           2.4000000
                8201          -1.2201451          0.41942629          0.27599439           1.3482615           8.5136574           2.4000000
                8301          -1.2223612          0.42315444          0.27516052           1.3691885           8.6112170           2.4000000
                8401          -1.2243031          0.42633020          0.27439769           1.3812868           8.6566433           2.4000000
                8501          -1.2235866          0.42480885          0.27460769           1.3783145           8.6956567           2.4000000
                8601          -1.2228101          0.42347401          0.27485321           1.3704768           8.6606053           2.4000000
                8701          -1.2225951          0.42310941          0.27498506           1.3661521           8.6326888           2.4000000
                8801          -1.2224974          0.42211510          0.27501875           1.3608626           8.6009990           2.4000000
                8901          -1.2218155          0.42089541          0.27526935           1.3560529           8.5685899           2.4000000
                9001          -1.2229986          0.42341462          0.27484641           1.3544064           8.5825376           2.4000000
                9101          -1.2229810          0.42274915          0.27483546           1.3492094           8.5576780           2.4000000
                9201          -1.2222552          0.42066678          0.27510651           1.3488865           8.5969620           2.4000000
                9301          -1.2210902          0.41858402          0.27556446           1.3519122           8.6245682           2.4000000
                9401          -1.2203968          0.41722051          0.27581560           1.3471337           8.5869929           2.4000000
                9501          -1.2208220          0.41800337          0.27561783           1.3459466           8.5446712           2.4000000
                9601          -1.2213790          0.42000677          0.27534293           1.3510625           8.5563878           2.4000000
                9701          -1.2206845          0.41933512          0.27559530           1.3650301           8.5831420           2.4000000
                9801          -1.2208703          0.41944546          0.27551551           1.3726297           8.6422297           2.4000000
                9901          -1.2213494          0.42090041          0.27535779           1.3693677           8.6422171           2.4000000
               10001          -1.2219718          0.42224028          0.27512549           1.3656865           8.6069898           2.4000000
               10101          -1.2225146          0.42388427          0.27492897           1.3662518           8.5954456           2.4000000
               10201          -1.2219733          0.42184786          0.27512964           1.3623758           8.6000607           2.4000000
               10301          -1.2216484          0.41924765          0.27526672           1.3589687           8.6607727           2.4000000
               10401          -1.2210211          0.41922844          0.27550524           1.3591131           8.6131275           2.4000000
               10501          -1.2210485          0.41994715          0.27547186           1.3629995           8.5824365           2.4000000
               10601          -1.2214867          0.42112348          0.27534242           1.3612708           8.5630289           2.4000000
               10701          -1.2218877          0.42259135          0.27518970           1.3587805           8.5392851           2.4000000
               10801          -1.2214462          0.42152578          0.27531548           1.3576277           8.5339676           2.4000000
               10901          -1.2204523          0.41986102          0.27568044           1.3566318           8.5189427           2.4000000
               11001          -1.2204500          0.41961822          0.27573266           1.3526868           8.5142911           2.4000000
               11101          -1.2194307          0.41750158          0.27611116           1.3549067           8.5392717           2.4000000
               11201          -1.2190304          0.41603250          0.27627466           1.3516022           8.5220588           2.4000000
               11301          -1.2189514          0.41557915          0.27630409           1.3493660           8.5442916           2.4000000
               11401          -1.2194430          0.41672660          0.27610648           1.3529269           8.5428425           2.4000000
               11501          -1.2189262          0.41530215          0.27631228           1.3484108           8.5396911           2.4000000
               11601          -1.2188768          0.41598741          0.27630269           1.3442787           8.5043777           2.4000000
               11701          -1.2183796          0.41350910          0.27650201           1.3404759           8.5636693           2.4000000
               11801          -1.2184264          0.41400178          0.27649013           1.3460846           8.5958703           2.4000000
               11901          -1.2187178          0.41454542          0.27636459           1.3446876           8.5642410           2.4000000
               12001          -1.2182010          0.41201567          0.27653987           1.3396075           8.6309626           2.4000000
               12101          -1.2182489          0.41109330          0.27650959           1.3339657           8.6568698           2.4000000
               12201          -1.2187517          0.41257643          0.27632038           1.3351609           8.6573127           2.4000000
               12301          -1.2196781          0.41462970          0.27594362           1.3433750           8.6954020           2.4000000
               12401          -1.2195323          0.41404322          0.27598803           1.3382662           8.6866123           2.4000000
               12501          -1.2210327          0.41659267          0.27544496           1.3560191           8.7643347           2.4000000
               12601          -1.2211253          0.41768233          0.27541088           1.3517900           8.7289916           2.4000000
               12701          -1.2218258          0.41924770          0.27510708           1.3585816           8.7620947           2.4000000
               12801          -1.2214319          0.41799430          0.27525506           1.3553946           8.7726002           2.4000000
               12901          -1.2214433          0.41793311          0.27524669           1.3622390           8.8089904           2.4000000
               13001          -1.2222767          0.41976040          0.27497846           1.3647487           8.8224807           2.4000000
               13101          -1.2223075          0.41968438          0.27499370           1.3610154           8.7923214           2.4000000
               13201          -1.2219400          0.41862094          0.27515681           1.3589754           8.7665590           2.4000000
               13301          -1.2216337          0.41795692          0.27525712           1.3535835           8.7330928           2.4000000
               13401          -1.2223685          0.41935788          0.27499683           1.3562909           8.7458467           2.4000000
               13501          -1.2216369          0.41773832          0.27527720           1.3548720           8.7563318           2.4000000
               13601          -1.2211021          0.41677965          0.27548636           1.3515559           8.7340128           2.4000000
               13701          -1.2204423          0.41538464          0.27573170           1.3492361           8.7381155           2.4000000
               13801          -1.2205405          0.41471777          0.27568981           1.3446770           8.7085993           2.4000000
               13901          -1.2213150          0.41622869          0.27542425           1.3460660           8.7130376           2.4000000
               14001          -1.2211806          0.41569924          0.27545818           1.3427552           8.7287522           2.4000000
               14101          -1.2210318          0.41613432          0.27550386           1.3381857           8.6829590           2.4000000
               14201          -1.2219668          0.41783994          0.27512693           1.3453638           8.7091058           2.4000000
               14301          -1.2217684          0.41816551          0.27518093           1.3402403           8.6605260           2.4000000
               14401          -1.2213895          0.41811680          0.27530172           1.3392632           8.6393969           2.4000000
               14501          -1.2208268          0.41688711          0.27551014           1.3407073           8.6404367           2.4000000
               14601          -1.2211924          0.41757448          0.27536453           1.3396873           8.6116182           2.4000000
               14701          -1.2205211          0.41724509          0.27563465           1.3454017           8.5933709           2.4000000
               14801          -1.2203594          0.41576042          0.27568728           1.3398282           8.6101082           2.4000000
               14901          -1.2193289          0.41404973          0.27605698           1.3449978           8.6426732           2.4000000
               15001          -1.2188114          0.41383674          0.27622159           1.3430647           8.5939637           2.4000000
               15101          -1.2188623          0.41388981          0.27620836           1.3439556           8.6075614           2.4000000
               15201          -1.2183619          0.41233669          0.27643132           1.3419074           8.6201999           2.4000000
               15301          -1.2177217          0.41112346          0.27662669           1.3413846           8.6179083           2.4000000
               15401          -1.2182157          0.41213980          0.27644146           1.3398687           8.6124008           2.4000000
               15501          -1.2183298          0.41280530          0.27641507           1.3378647           8.5907031           2.4000000
               15601          -1.2191077          0.41430261          0.27614672           1.3476815           8.6174953           2.4000000
               15701          -1.2191415          0.41457550          0.27612429           1.3515046           8.6345137           2.4000000
               15801          -1.2186545          0.41331245          0.27631416           1.3495796           8.6442939           2.4000000
               15901          -1.2186278          0.41356487          0.27631124           1.3482811           8.6254654           2.4000000
               16001          -1.2186632          0.41424536          0.27628258           1.3469944           8.6089933           2.4000000
               16101          -1.2180479          0.41286287          0.27651248           1.3449930           8.6213937           2.4000000
               16201          -1.2178940          0.41222147          0.27657012           1.3436814           8.6028136           2.4000000
               16301          -1.2175548          0.41038648          0.27668257           1.3407721           8.6516437           2.4000000
               16401          -1.2173642          0.40947351          0.27677169           1.3365714           8.6448029           2.4000000
               16501          -1.2173014          0.40926853          0.27676611           1.3344592           8.6114813           2.4000000
               16601          -1.2166827          0.40804138          0.27702352           1.3337040           8.6117768           2.4000000
               16701          -1.2165236          0.40871744          0.27709853           1.3317265           8.5930037           2.4000000
               16801          -1.2165502          0.40909470          0.27708247           1.3276766           8.5594506           2.4000000
               16901          -1.2170440          0.41034465          0.27692222           1.3282347           8.5612510           2.4000000
               17001          -1.2178084          0.41193018          0.27662255           1.3346369           8.5925278           2.4000000
               17101          -1.2179633          0.41271388          0.27655620           1.3309738           8.5644636           2.4000000
               17201          -1.2180117          0.41272891          0.27654540           1.3286954           8.5573184           2.4000000
               17301          -1.2177897          0.41144587          0.27661913           1.3248732           8.5954758           2.4000000
               17401          -1.2175754          0.41125424          0.27670594           1.3219084           8.5682480           2.4000000
               17501          -1.2174059          0.41078538          0.27675619           1.3271639           8.6131633           2.4000000
               17601          -1.2173104          0.41087467          0.27679407           1.3230698           8.5779284           2.4000000
               17701          -1.2174047          0.41138834          0.27673860           1.3212113           8.5718373           2.4000000
               17801          -1.2178934          0.41265743          0.27655848           1.3229734           8.5851602           2.4000000
               17901          -1.2186140          0.41399084          0.27627884           1.3282138           8.6104263           2.4000000
               18001          -1.2192795          0.41530387          0.27604703           1.3326496           8.6255235           2.4000000
               18101          -1.2190708          0.41502679          0.27614483           1.3323894           8.6142130           2.4000000
               18201          -1.2184155          0.41364733          0.27638193           1.3335466           8.6348309           2.4000000
               18301          -1.2181247          0.41276925          0.27649432           1.3326156           8.6586344           2.4000000
               18401          -1.2180186          0.41273545          0.27652777           1.3321421           8.6401974           2.4000000
               18501          -1.2179158          0.41229096          0.27656883           1.3333139           8.6557756           2.4000000
               18601          -1.2177340          0.41193404          0.27662007           1.3319788           8.6481237           2.4000000
               18701          -1.2170328          0.41142024          0.27688640           1.3347602           8.6181967           2.4000000
               18801          -1.2170427          0.41163927          0.27688075           1.3309833           8.5877026           2.4000000
               18901          -1.2169737          0.41122083          0.27690612           1.3273030           8.5741421           2.4000000
               19001          -1.2167012          0.41040208          0.27700963           1.3260166           8.5693133           2.4000000
               19101          -1.2165698          0.41049919          0.27705905           1.3290217           8.5617390           2.4000000
               19201          -1.2164064          0.41084319          0.27713335           1.3257666           8.5296395           2.4000000
               19301          -1.2161240          0.41015440          0.27724781           1.3235970           8.5191794           2.4000000
               19401          -1.2158116          0.40874774          0.27736109           1.3216023           8.5467313           2.4000000
               19501          -1.2155228          0.40832086          0.27746295           1.3203867           8.5327141           2.4000000
               19601          -1.2161910          0.40968522          0.27723012           1.3297834           8.5641537           2.4000000
               19701          -1.2167134          0.41096848          0.27700358           1.3297086           8.5786853           2.4000000
               19801          -1.2165330          0.41110853          0.27704560           1.3262542           8.5541809           2.4000000
               19901          -1.2166117          0.41136903          0.27701799           1.3239921           8.5343080           2.4000000