|  Temperature  |  Energy-Mean  |  Magnetization-Mean  |  Specific heat  |  Susceptibility  |  Lattice  |

      2.1500000     -1.6095904          0.83569735           1.1392438           1.7011499          40x40
      2.1520000     -1.6073264          0.83416319           1.1462330           1.7836218          40x40
      2.1540000     -1.6051574          0.83288556           1.1494125           1.7532806          40x40
      2.1560000     -1.6027430          0.83099970           1.1620883           1.8550219          40x40
      2.1580000     -1.6000585          0.82856704           1.1845813           2.0773450          40x40
      2.1600000     -1.5976031          0.82695697           1.1903684           2.0844364          40x40
      2.1620000     -1.5952334          0.82492891           1.2153106           2.3390811          40x40
      2.1640000     -1.5926678          0.82279638           1.2185794           2.3693441          40x40
      2.1660000     -1.5904694          0.82150472           1.2142317           2.2591463          40x40
      2.1680000     -1.5876269          0.81839280           1.2381214           2.6639305          40x40
      2.1700000     -1.5848636          0.81509639           1.2759910           3.5252012          40x40
      2.1720000     -1.5834793          0.81650742           1.2385876           2.4729058          40x40
      2.1740000     -1.5809944          0.81441848           1.2521361           2.6594949          40x40
      2.1760000     -1.5781016          0.81075062           1.2891519           3.6127767          40x40
      2.1780000     -1.5754092          0.80851907           1.2970690           3.6205997          40x40
      2.1800000     -1.5731019          0.80787218           1.2901124           2.9431974          40x40
      2.1820000     -1.5696874          0.80251626           1.3482774           4.3870172          40x40
      2.1840000     -1.5683755          0.80414741           1.3106316           3.4178928          40x40
      2.1860000     -1.5662196          0.80322340           1.3152058           3.1809644          40x40
      2.1880000     -1.5630319          0.79985978           1.3363218           3.6286008          40x40
      2.1900000     -1.5605947          0.79664488           1.3604053           4.5053577          40x40
      2.1920000     -1.5576501          0.79405187           1.3679658           4.5446804          40x40
      2.1940000     -1.5552688          0.79346193           1.3503905           3.7177590          40x40
      2.1960000     -1.5521295          0.78952799           1.3791988           4.3142502          40x40
      2.1980000     -1.5488470          0.78523090           1.4236961           5.3681988          40x40
      2.2000000     -1.5473737          0.78642607           1.3888961           4.4615986          40x40
      2.2020000     -1.5444822          0.78297325           1.4146272           4.9893378          40x40
      2.2040000     -1.5418212          0.78192767           1.4082841           4.3919649          40x40
      2.2060000     -1.5390092          0.77927310           1.4146692           4.7469101          40x40
      2.2080000     -1.5350143          0.77263820           1.4756530           6.1702795          40x40
      2.2100000     -1.5320728          0.77077078           1.4736659           5.6748322          40x40
      2.2120000     -1.5282920          0.76528723           1.5087890           6.7428316          40x40
      2.2140000     -1.5263650          0.76576901           1.5033549           5.7557510          40x40
      2.2160000     -1.5241342          0.76430795           1.4954870           6.0800539          40x40
      2.2180000     -1.5209053          0.76055310           1.5096217           6.2992743          40x40
      2.2200000     -1.5172125          0.75601786           1.5457434           6.8491749          40x40
      2.2220000     -1.5137135          0.75132003           1.5646558           7.5375861          40x40
      2.2240000     -1.5091533          0.74416527           1.6285854           9.0513417          40x40
      2.2260000     -1.5060326          0.74068368           1.6458086           9.3488252          40x40
      2.2280000     -1.5029532          0.73694636           1.6700917           10.102122          40x40
      2.2300000     -1.5011729          0.73790430           1.6199712           8.5482037          40x40
      2.2320000     -1.4977982          0.73330922           1.6563396           9.2508227          40x40
      2.2340000     -1.4931415          0.72488149           1.6969428           11.105189          40x40
      2.2360000     -1.4909606          0.72431490           1.6699603           10.422294          40x40
      2.2380000     -1.4870052          0.71848067           1.7063526           11.390953          40x40
      2.2400000     -1.4838517          0.71632388           1.7302027           11.026657          40x40
      2.2420000     -1.4801636          0.71208519           1.7316964           11.411541          40x40
      2.2440000     -1.4765553          0.70509785           1.7605398           13.163345          40x40
      2.2460000     -1.4734356          0.70324385           1.7690208           12.545441          40x40
      2.2480000     -1.4687520          0.69333542           1.8252767           14.727371          40x40
      2.2500000     -1.4658210          0.68976104           1.8202461           14.818711          40x40
      2.2520000     -1.4617040          0.68301374           1.8555830           15.845041          40x40
      2.2540000     -1.4567670          0.67416464           1.8908118           17.355594          40x40
      2.2560000     -1.4529028          0.66944852           1.9066479           17.309406          40x40
      2.2580000     -1.4490823          0.66362071           1.9272540           18.130850          40x40
      2.2600000     -1.4478044          0.66662446           1.8824233           16.495716          40x40
      2.2620000     -1.4417675          0.65205077           1.9415579           19.501839          40x40
      2.2640000     -1.4381942          0.64678543           1.9349774           20.041584          40x40
      2.2660000     -1.4362947          0.64971290           1.8938692           17.983802          40x40
      2.2680000     -1.4316902          0.63833609           1.9756173           20.798509          40x40
      2.2700000     -1.4272427          0.63170229           1.9571811           21.002473          40x40
      2.2720000     -1.4249043          0.62784753           1.9574782           22.020133          40x40
      2.2740000     -1.4211773          0.62438573           1.9607810           21.307772          40x40
      2.2760000     -1.4159471          0.61411151           1.9808213           22.287454          40x40
      2.2780000     -1.4108084          0.60171877           2.0457961           24.853861          40x40
      2.2800000     -1.4070887          0.59635523           2.0117182           24.951087          40x40
      2.2820000     -1.4013737          0.58311047           2.0537113           26.900415          40x40
      2.2840000     -1.3955915          0.57210767           2.0406057           27.072184          40x40
      2.2860000     -1.3962732          0.58256073           1.9876553           24.337070          40x40
      2.2880000     -1.3943809          0.58296667           1.9814420           24.106414          40x40
      2.2900000     -1.3863119          0.56326690           1.9877990           26.093070          40x40
      2.2920000     -1.3848307          0.56295826           2.0121591           26.409653          40x40
      2.2940000     -1.3814306          0.56014186           1.9538808           25.108275          40x40
      2.2960000     -1.3753191          0.54111631           1.9755745           28.043461          40x40
      2.2980000     -1.3719995          0.53915947           2.0051242           27.592442          40x40
      2.3000000     -1.3679613          0.53079792           1.9882444           28.978970          40x40
      2.3020000     -1.3652803          0.52939160           1.9679067           27.861402          40x40
      2.3040000     -1.3600504          0.51529063           1.9872109           29.486459          40x40
      2.3060000     -1.3560215          0.50963117           1.9803175           29.339486          40x40
      2.3080000     -1.3513161          0.49683708           1.9524513           30.355303          40x40
      2.3100000     -1.3503194          0.50206197           1.9441763           29.340428          40x40
      2.3120000     -1.3434222          0.48127987           1.9184699           30.931570          40x40
      2.3140000     -1.3427015          0.48882297           1.9532856           29.930816          40x40
      2.3160000     -1.3346556          0.46388920           1.9138289           31.086391          40x40
      2.3180000     -1.3288983          0.44917673           1.8714125           31.511529          40x40
      2.3200000     -1.3295868          0.46049998           1.8833440           30.265281          40x40
      2.3220000     -1.3260745          0.45445451           1.8744663           30.976142          40x40
      2.3240000     -1.3200647          0.43869373           1.8141112           30.267720          40x40
      2.3260000     -1.3163944          0.43254500           1.7955729           30.073803          40x40
      2.3280000     -1.3114525          0.41679721           1.8011198           31.627544          40x40
      2.3300000     -1.3089665          0.41585153           1.7825881           30.576813          40x40
      2.3320000     -1.3049310          0.40982263           1.7856401           30.543553          40x40
      2.3340000     -1.3014398          0.40312108           1.7292955           29.831533          40x40
      2.3360000     -1.2992379          0.40109226           1.7295684           30.098970          40x40
      2.3380000     -1.2953462          0.39199800           1.6851458           29.482781          40x40
      2.3400000     -1.2941527          0.39497460           1.7066537           29.161235          40x40
      2.3420000     -1.2889866          0.38339490           1.6725681           28.892973          40x40
      2.3440000     -1.2867303          0.37793144           1.6769609           29.618959          40x40
      2.3460000     -1.2829186          0.37480723           1.6259231           28.099653          40x40
      2.3480000     -1.2813332          0.37414785           1.6399901           28.315163          40x40
      2.3500000     -1.2763771          0.35880996           1.6204418           28.570560          40x40
      2.3520000     -1.2743051          0.36224223           1.5548539           26.897319          40x40
      2.1500000     -1.6097325          0.83592403           1.1317251           1.7437580          60x60
      2.1520000     -1.6071155          0.83359119           1.1525020           1.9985497          60x60
      2.1540000     -1.6049837          0.83227907           1.1614529           1.9850816          60x60
      2.1560000     -1.6029347          0.83112569           1.1552904           1.9286703          60x60
      2.1580000     -1.6007923          0.82977393           1.1643835           1.9843427          60x60
      2.1600000     -1.5984370          0.82804628           1.1724568           2.0365416          60x60
      2.1620000     -1.5960050          0.82620563           1.1787442           2.0712252          60x60
      2.1640000     -1.5933989          0.82386361           1.2000100           2.4073231          60x60
      2.1660000     -1.5910997          0.82248445           1.2077226           2.3077553          60x60
      2.1680000     -1.5885483          0.82032196           1.2186357           2.4370065          60x60
      2.1700000     -1.5865025          0.81948939           1.2113084           2.2270488          60x60
      2.1720000     -1.5836899          0.81670519           1.2447079           2.6497231          60x60
      2.1740000     -1.5808932          0.81437813           1.2590674           2.7178518          60x60
      2.1760000     -1.5783970          0.81230085           1.2694016           2.9092816          60x60
      2.1780000     -1.5759486          0.81062691           1.2751818           2.8603281          60x60
      2.1800000     -1.5731916          0.80797383           1.2930058           3.2681118          60x60
      2.1820000     -1.5705699          0.80556958           1.3099098           3.6119556          60x60
      2.1840000     -1.5679909          0.80383632           1.2968590           3.1195234          60x60
      2.1860000     -1.5653816          0.80178187           1.3094812           3.2810003          60x60
      2.1880000     -1.5625728          0.79881461           1.3454473           3.8655469          60x60
      2.1900000     -1.5598591          0.79622884           1.3648356           4.0099833          60x60
      2.1920000     -1.5569011          0.79352219           1.3696906           4.0191164          60x60
      2.1940000     -1.5535256          0.78828943           1.4227515           5.6831315          60x60
      2.1960000     -1.5521998          0.79069537           1.3603760           3.8039821          60x60
      2.1980000     -1.5495020          0.78801574           1.3706767           4.3361565          60x60
      2.2000000     -1.5465477          0.78539775           1.3932639           4.4596120          60x60
      2.2020000     -1.5436428          0.78235993           1.4146050           4.7830363          60x60
      2.2040000     -1.5403563          0.77796381           1.4487159           6.1327751          60x60
      2.2060000     -1.5372709          0.77413193           1.4954609           7.0284888          60x60
      2.2080000     -1.5351648          0.77453779           1.4586274           5.4521965          60x60
      2.2100000     -1.5319362          0.77064911           1.4857393           5.9220991          60x60
      2.2120000     -1.5295931          0.76905385           1.4767335           5.6900660          60x60
      2.2140000     -1.5266293          0.76574347           1.5042354           6.4465597          60x60
      2.2160000     -1.5237848          0.76370006           1.5230577           6.1658083          60x60
      2.2180000     -1.5196197          0.75697433           1.5464584           7.8879246          60x60
      2.2200000     -1.5150011          0.74799105           1.6326452           11.154873          60x60
      2.2220000     -1.5131252          0.74908955           1.5972535           8.7492120          60x60
      2.2240000     -1.5097032          0.74559177           1.6131214           8.8626359          60x60
      2.2260000     -1.5077957          0.74612357           1.6000821           7.9291401          60x60
      2.2280000     -1.5032801          0.73588275           1.7060792           12.745462          60x60
      2.2300000     -1.5000064          0.73135814           1.7303858           14.128856          60x60
      2.2320000     -1.4970563          0.73035644           1.7145497           11.560445          60x60
      2.2340000     -1.4938970          0.72702538           1.7093708           11.249222          60x60
      2.2360000     -1.4904977          0.72108561           1.7264983           14.183273          60x60
      2.2380000     -1.4849220          0.70848731           1.8716122           20.162570          60x60
      2.2400000     -1.4830804          0.71042797           1.8133339           15.893358          60x60
      2.2420000     -1.4790219          0.70455651           1.8351702           16.806981          60x60
      2.2440000     -1.4769773          0.70309127           1.8103580           18.032572          60x60
      2.2460000     -1.4724785          0.69526246           1.8818347           19.595721          60x60
      2.2480000     -1.4665428          0.67812427           1.9748141           27.638236          60x60
      2.2500000     -1.4642109          0.67747795           1.9978958           27.985383          60x60
      2.2520000     -1.4608400          0.67679036           1.9470392           23.492465          60x60
      2.2540000     -1.4582700          0.67431944           1.9280344           24.120834          60x60
      2.2560000     -1.4532257          0.66218804           1.9908788           29.975744          60x60
      2.2580000     -1.4482302          0.65337474           2.0335230           29.952244          60x60
      2.2600000     -1.4450745          0.65120394           2.0192990           28.200030          60x60
      2.2620000     -1.4396662          0.63535911           2.0735841           34.718886          60x60
      2.2640000     -1.4387147          0.63892396           2.0428636           33.697825          60x60
      2.2660000     -1.4302660          0.61349406           2.1878517           41.992547          60x60
      2.2680000     -1.4274660          0.61345396           2.1274492           38.443113          60x60
      2.2700000     -1.4220503          0.60071193           2.1493819           41.754286          60x60
      2.2720000     -1.4169532          0.58809868           2.1914137           43.374623          60x60
      2.2740000     -1.4106441          0.56579720           2.2607555           53.552875          60x60
      2.2760000     -1.4070790          0.55746388           2.2726901           56.528657          60x60
      2.2780000     -1.4048474          0.56284273           2.2038882           48.860990          60x60
      2.2800000     -1.3996492          0.54700629           2.2422623           54.526625          60x60
      2.2820000     -1.3977622          0.55209617           2.1884254           48.366356          60x60
      2.2840000     -1.3880670          0.51562807           2.2329587           56.852755          60x60
      2.2860000     -1.3881109          0.52539854           2.2100838           55.526426          60x60
      2.2880000     -1.3823822          0.50746953           2.1974685           59.257664          60x60
      2.2900000     -1.3803274          0.51113447           2.2279740           56.410763          60x60
      2.2920000     -1.3749305          0.49290721           2.1883970           60.692432          60x60
      2.2940000     -1.3704612          0.48060665           2.1948531           62.315653          60x60
      2.2960000     -1.3652966          0.47061918           2.1377798           60.038423          60x60
      2.2980000     -1.3593874          0.44443246           2.1508407           66.637036          60x60
      2.3000000     -1.3571543          0.44645880           2.1809636           65.829475          60x60
      2.3020000     -1.3551987          0.45721232           2.0854353           56.998611          60x60
      2.3040000     -1.3481389          0.42696375           2.0658086           61.909197          60x60
      2.3060000     -1.3424561          0.40965794           2.0164938           60.816333          60x60
      2.3080000     -1.3385805          0.39785699           2.0207508           63.097989          60x60
      2.3100000     -1.3359850          0.39191719           2.0104193           65.281281          60x60
      2.3120000     -1.3304192          0.37825537           1.9511603           61.939188          60x60
      2.3140000     -1.3279773          0.37488619           1.9258703           61.233559          60x60
      2.3160000     -1.3258499          0.37393051           1.9371950           61.865111          60x60
      2.3180000     -1.3221148          0.36379857           1.8961205           61.203730          60x60
      2.3200000     -1.3173687          0.35720499           1.8343694           57.673386          60x60
      2.3220000     -1.3124042          0.34091260           1.8401045           58.732413          60x60
      2.3240000     -1.3115669          0.35027864           1.8096736           56.388690          60x60
      2.3260000     -1.3063846          0.33048745           1.7826837           54.917041          60x60
      2.3280000     -1.3024834          0.31504750           1.6984384           54.459123          60x60
      2.3300000     -1.2974917          0.29954195           1.6694962           52.537524          60x60
      2.3320000     -1.2962736          0.31035998           1.6901666           51.455091          60x60
      2.3340000     -1.2921641          0.29283996           1.6524210           51.494116          60x60
      2.3360000     -1.2891811          0.29229449           1.6006993           48.529530          60x60
      2.3380000     -1.2859387          0.28513492           1.6158577           48.411541          60x60
      2.3400000     -1.2839649          0.28591510           1.5897020           47.338451          60x60
      2.3420000     -1.2807251          0.27818657           1.5284620           44.953226          60x60
      2.3440000     -1.2768794          0.26432726           1.5117647           44.124633          60x60
      2.3460000     -1.2741121          0.26045315           1.5077404           43.815359          60x60
      2.3480000     -1.2714063          0.26129610           1.4838269           42.007176          60x60
      2.3500000     -1.2677346          0.25090870           1.4359024           41.019805          60x60
      2.3520000     -1.2637835          0.23767128           1.4291018           38.670094          60x60
      2.1500000     -1.6095649          0.83545210           1.1491703           1.8729981          80x80
      2.1520000     -1.6073737          0.83414414           1.1518657           1.8121755          80x80
      2.1540000     -1.6048636          0.83195146           1.1733135           2.0560664          80x80
      2.1560000     -1.6028158          0.83094977           1.1737163           1.9354637          80x80
      2.1580000     -1.6003765          0.82890225           1.1928280           2.1716629          80x80
      2.1600000     -1.5981263          0.82748257           1.1990840           2.1136645          80x80
      2.1620000     -1.5955345          0.82504112           1.2193079           2.4309081          80x80
      2.1640000     -1.5933871          0.82399701           1.2164606           2.2699313          80x80
      2.1660000     -1.5911758          0.82260194           1.2183403           2.2777448          80x80
      2.1680000     -1.5886667          0.82063079           1.2278206           2.3505029          80x80
      2.1700000     -1.5863535          0.81898309           1.2423169           2.4803029          80x80
      2.1720000     -1.5839877          0.81726311           1.2453605           2.5284642          80x80
      2.1740000     -1.5816161          0.81570261           1.2456917           2.5000551          80x80
      2.1760000     -1.5788787          0.81305531           1.2747230           2.8600113          80x80
      2.1780000     -1.5765730          0.81175016           1.2616663           2.6005258          80x80
      2.1800000     -1.5737285          0.80906470           1.2860736           2.8525454          80x80
      2.1820000     -1.5709497          0.80630272           1.3017918           3.1728877          80x80
      2.1840000     -1.5685699          0.80486852           1.3122326           3.1197069          80x80
      2.1860000     -1.5660920          0.80283245           1.3232874           3.4051719          80x80
      2.1880000     -1.5635356          0.80083062           1.3304078           3.4097121          80x80
      2.1900000     -1.5605927          0.79811497           1.3369369           3.4343124          80x80
      2.1920000     -1.5576341          0.79498702           1.3733195           3.9358883          80x80
      2.1940000     -1.5553829          0.79391682           1.3602685           3.6259401          80x80
      2.1960000     -1.5522754          0.79015784           1.3924196           4.3540827          80x80
      2.1980000     -1.5495453          0.78764780           1.4016062           4.5026226          80x80
      2.2000000     -1.5463113          0.78317902           1.4528254           6.1890492          80x80
      2.2020000     -1.5435785          0.78086553           1.4757639           6.1464060          80x80
      2.2040000     -1.5407710          0.77794692           1.4782283           7.2837303          80x80
      2.2060000     -1.5371079          0.77032371           1.5443758           15.032769          80x80
      2.2080000     -1.5350975          0.77352835           1.4684202           5.8210133          80x80
      2.2100000     -1.5323348          0.77133397           1.5025715           6.0422818          80x80
      2.2120000     -1.5295996          0.76905763           1.4973887           5.8356830          80x80
      2.2140000     -1.5265830          0.76422116           1.5676270           9.0347480          80x80
      2.2160000     -1.5238728          0.76314758           1.5322103           6.9139542          80x80
      2.2180000     -1.5201338          0.75771384           1.5697897           8.3930913          80x80
      2.2200000     -1.5173071          0.75579152           1.5599921           7.3524163          80x80
      2.2220000     -1.5134572          0.74789298           1.6488460           13.685309          80x80
      2.2240000     -1.5104637          0.74638711           1.6345464           9.6928793          80x80
      2.2260000     -1.5061777          0.73534619           1.7787896           22.210217          80x80
      2.2280000     -1.5041756          0.73956187           1.6640263           10.497736          80x80
      2.2300000     -1.5002325          0.72973282           1.7660662           21.162791          80x80
      2.2320000     -1.4976729          0.73125579           1.7259121           13.244045          80x80
      2.2340000     -1.4938064          0.72574770           1.7392258           13.480547          80x80
      2.2360000     -1.4897871          0.71754506           1.7735416           17.401311          80x80
      2.2380000     -1.4862141          0.71055008           1.8326894           23.306275          80x80
      2.2400000     -1.4818016          0.70318602           1.9005638           23.245348          80x80
      2.2420000     -1.4785896          0.70119621           1.8613984           19.925660          80x80
      2.2440000     -1.4762160          0.70168931           1.8310580           17.502522          80x80
      2.2460000     -1.4729862          0.69703404           1.8524671           21.407897          80x80
      2.2480000     -1.4661969          0.67483024           2.0333932           36.865288          80x80
      2.2500000     -1.4642039          0.67959252           1.9431157           26.375627          80x80
      2.2520000     -1.4608560          0.67599764           1.9685531           25.329456          80x80
      2.2540000     -1.4565107          0.66472271           2.0028381           33.837322          80x80
      2.2560000     -1.4515802          0.65166003           2.1307101           44.889502          80x80
      2.2580000     -1.4500295          0.65996156           1.9810031           27.290661          80x80
      2.2600000     -1.4448559          0.64501122           2.0561467           38.800347          80x80
      2.2620000     -1.4404351          0.63702911           2.1512835           42.315696          80x80
      2.2640000     -1.4350506          0.62106751           2.1652097           47.261852          80x80
      2.2660000     -1.4307483          0.61499442           2.1865469           45.767525          80x80
      2.2680000     -1.4257850          0.59431226           2.2485698           64.817477          80x80
      2.2700000     -1.4257927          0.60844634           2.1587724           53.469462          80x80
      2.2720000     -1.4170661          0.57543193           2.2690070           71.053301          80x80
      2.2740000     -1.4098537          0.54361795           2.4588724           89.810607          80x80
      2.2760000     -1.4101161          0.56753447           2.2429003           66.104834          80x80
      2.2780000     -1.4017015          0.53702008           2.3025806           72.867287          80x80
      2.2800000     -1.3976554          0.51887750           2.3818899           91.965843          80x80
      2.2820000     -1.3944917          0.51756240           2.3266133           86.192068          80x80
      2.2840000     -1.3880311          0.49466773           2.4137782           93.946348          80x80
      2.2860000     -1.3849967          0.49040763           2.2788321           91.667661          80x80
      2.2880000     -1.3809434          0.48241766           2.2950808           91.378790          80x80
      2.2900000     -1.3708907          0.43083850           2.2535471           103.44666          80x80
      2.2920000     -1.3717668          0.45136702           2.3078387           101.26187          80x80
      2.2940000     -1.3615257          0.39550181           2.2570723           110.51961          80x80
      2.2960000     -1.3597470          0.40243157           2.2130211           106.92870          80x80
      2.2980000     -1.3561746          0.39618499           2.2321456           108.14223          80x80
      2.3000000     -1.3497871          0.37243034           2.0761289           98.760251          80x80
      2.3020000     -1.3448727          0.34431811           2.0758233           108.27699          80x80
      2.3040000     -1.3451412          0.37782001           2.1288527           97.271732          80x80
      2.3060000     -1.3388095          0.34343405           2.0069485           95.654191          80x80
      2.3080000     -1.3347052          0.33535428           1.9523722           95.563606          80x80
      2.3100000     -1.3312839          0.32468143           2.0133872           97.075145          80x80
      2.3120000     -1.3266890          0.30760759           1.8858670           94.535511          80x80
      2.3140000     -1.3228579          0.30801177           1.8443820           83.985898          80x80
      2.3160000     -1.3189983          0.29302854           1.8305277           84.251516          80x80
      2.3180000     -1.3173188          0.29810314           1.8482876           86.240166          80x80
      2.3200000     -1.3109915          0.26894927           1.7079126           75.916393          80x80
      2.3220000     -1.3104092          0.28019158           1.7586983           81.197442          80x80
      2.3240000     -1.3059186          0.26498021           1.7076895           75.823440          80x80
      2.3260000     -1.3024814          0.25944410           1.6537001           73.720083          80x80
      2.3280000     -1.2979731          0.23802206           1.6109554           68.429395          80x80
      2.3300000     -1.2950276          0.23741592           1.5906184           67.830095          80x80
      2.3320000     -1.2909898          0.22863492           1.5373088           58.119468          80x80
      2.3340000     -1.2882721          0.22087394           1.5166915           59.298629          80x80
      2.3360000     -1.2882516          0.23210921           1.5821734           63.324946          80x80
      2.3380000     -1.2840996          0.22063949           1.5087318           59.603425          80x80
      2.3400000     -1.2806184          0.21509190           1.4781046           56.493188          80x80
      2.3420000     -1.2779766          0.20688859           1.4652231           54.922065          80x80
      2.3440000     -1.2744066          0.20700049           1.4372225           50.886698          80x80
      2.3460000     -1.2720337          0.20467132           1.4400407           51.188060          80x80
      2.3480000     -1.2691632          0.19831081           1.4196842           50.484112          80x80
      2.3500000     -1.2658506          0.18574655           1.3943439           47.754806          80x80
      2.3520000     -1.2624388          0.17529899           1.3798665           43.499574          80x80
      2.1500000     -1.6095989          0.83559021           1.1462712           1.8037756        100x100
      2.1520000     -1.6071642          0.83374527           1.1569392           1.9062385        100x100
      2.1540000     -1.6049420          0.83228090           1.1626304           1.9254021        100x100
      2.1560000     -1.6025778          0.83054555           1.1705955           1.9602895        100x100
      2.1580000     -1.6000577          0.82832421           1.1876494           2.2090502        100x100
      2.1600000     -1.5978296          0.82693123           1.1985569           2.1955527        100x100
      2.1620000     -1.5955453          0.82537906           1.2015670           2.2542245        100x100
      2.1640000     -1.5930947          0.82339800           1.2111814           2.3941799        100x100
      2.1660000     -1.5907851          0.82199879           1.2143653           2.3093741        100x100
      2.1680000     -1.5882904          0.81993541           1.2241809           2.4411763        100x100
      2.1700000     -1.5858927          0.81823610           1.2311872           2.5288815        100x100
      2.1720000     -1.5834110          0.81627827           1.2422475           2.5931544        100x100
      2.1740000     -1.5806873          0.81354231           1.2762915           3.1606611        100x100
      2.1760000     -1.5783964          0.81234791           1.2669804           2.8151926        100x100
      2.1780000     -1.5759497          0.81041898           1.2814962           2.8938895        100x100
      2.1800000     -1.5733790          0.80825750           1.2845037           2.9927918        100x100
      2.1820000     -1.5707755          0.80582540           1.3142368           3.4349268        100x100
      2.1840000     -1.5680617          0.80329840           1.3119072           3.5635069        100x100
      2.1860000     -1.5655818          0.80157023           1.3240834           3.5779833        100x100
      2.1880000     -1.5628785          0.79902006           1.3502867           4.0808133        100x100
      2.1900000     -1.5602810          0.79721055           1.3459447           3.6618296        100x100
      2.1920000     -1.5575561          0.79489050           1.3532974           3.7186296        100x100
      2.1940000     -1.5547191          0.79162408           1.3857906           4.9156202        100x100
      2.1960000     -1.5518227          0.78862200           1.4055661           5.3239631        100x100
      2.1980000     -1.5491499          0.78677596           1.4264719           5.1776369        100x100
      2.2000000     -1.5466926          0.78450923           1.4228900           5.2981950        100x100
      2.2020000     -1.5443006          0.78374307           1.4220532           4.5550459        100x100
      2.2040000     -1.5410729          0.78000770           1.4440917           5.1162903        100x100
      2.2060000     -1.5378968          0.77566984           1.4726192           6.3236676        100x100
      2.2080000     -1.5355529          0.77495680           1.4495485           5.3256587        100x100
      2.2100000     -1.5324380          0.77209653           1.4699292           5.3745840        100x100
      2.2120000     -1.5290697          0.76761543           1.4883601           6.0723552        100x100
      2.2140000     -1.5256035          0.76316208           1.5418229           7.5407289        100x100
      2.2160000     -1.5229888          0.76140326           1.5253872           6.7591029        100x100
      2.2180000     -1.5196556          0.75690874           1.5496675           7.7857263        100x100
      2.2200000     -1.5166440          0.75370101           1.5828101           8.3640724        100x100
      2.2220000     -1.5131573          0.74844183           1.6206646           10.007108        100x100
      2.2240000     -1.5098676          0.74414390           1.6383521           11.598754        100x100
      2.2260000     -1.5072402          0.74383741           1.6116504           8.8023097        100x100
      2.2280000     -1.5025939          0.73369882           1.7404013           14.450175        100x100
      2.2300000     -1.5005692          0.73539551           1.6562212           10.134768        100x100
      2.2320000     -1.4965492          0.72713034           1.7083933           15.502033        100x100
      2.2340000     -1.4942627          0.72863795           1.6755862           10.535775        100x100
      2.2360000     -1.4898903          0.71936734           1.7399449           15.488858        100x100
      2.2380000     -1.4848755          0.70759468           1.8714957           22.938753        100x100
      2.2400000     -1.4817165          0.70540166           1.8335894           19.990226        100x100
      2.2420000     -1.4786338          0.70181172           1.8620213           20.779012        100x100
      2.2440000     -1.4734554          0.68448579           2.0258679           46.166272        100x100
      2.2460000     -1.4714900          0.68898857           1.9289871           35.273745        100x100
      2.2480000     -1.4673229          0.68294643           1.9195526           27.262348        100x100
      2.2500000     -1.4633627          0.67470481           1.9996055           32.116175        100x100
      2.2520000     -1.4575504          0.65722835           2.0877455           49.833500        100x100
      2.2540000     -1.4550403          0.65901928           2.0677488           40.726129        100x100
      2.2560000     -1.4510473          0.64950748           2.1065630           50.816894        100x100
      2.2580000     -1.4462792          0.63659994           2.1734239           55.700839        100x100
      2.2600000     -1.4403697          0.61277635           2.2963829           83.605422        100x100
      2.2620000     -1.4382009          0.61592540           2.3123902           74.591977        100x100
      2.2640000     -1.4343097          0.61351265           2.2875640           70.353386        100x100
      2.2660000     -1.4275192          0.58663264           2.3798378           90.053677        100x100
      2.2680000     -1.4194225          0.54717651           2.6115785           133.83289        100x100
      2.2700000     -1.4191676          0.56838964           2.3347570           97.534614        100x100
      2.2720000     -1.4150881          0.56162825           2.2681620           97.431126        100x100
      2.2740000     -1.4108119          0.55419159           2.3290067           86.869653        100x100
      2.2760000     -1.4045646          0.52002530           2.4709080           133.18029        100x100
      2.2780000     -1.3987029          0.49728155           2.5018211           142.66764        100x100
      2.2800000     -1.3978127          0.51061980           2.3850057           125.04655        100x100
      2.2820000     -1.3910349          0.48451578           2.4473871           131.70218        100x100
      2.2840000     -1.3825108          0.43870502           2.4465281           153.99995        100x100
      2.2860000     -1.3818719          0.46162490           2.3461992           127.23683        100x100
      2.2880000     -1.3768434          0.43860244           2.3052194           134.08558        100x100
      2.2900000     -1.3730403          0.42841934           2.3650344           146.54445        100x100
      2.2920000     -1.3659187          0.38317959           2.3070466           162.66981        100x100
      2.2940000     -1.3609881          0.37914166           2.1930284           140.97457        100x100
      2.2960000     -1.3568979          0.36210277           2.2397196           147.29288        100x100
      2.2980000     -1.3541982          0.35820723           2.1527418           141.30908        100x100
      2.3000000     -1.3475747          0.32524876           2.0319966           140.07466        100x100
      2.3020000     -1.3436571          0.31219962           2.0262385           139.05606        100x100
      2.3040000     -1.3401514          0.30965537           2.0218649           133.59577        100x100
      2.3060000     -1.3369904          0.29981338           2.0382923           136.21812        100x100
      2.3080000     -1.3349176          0.30030278           1.9289638           133.20394        100x100
      2.3100000     -1.3276358          0.26360283           1.8430557           114.44776        100x100
      2.3120000     -1.3244634          0.25844439           1.7849440           110.91747        100x100
      2.3140000     -1.3209231          0.25226579           1.7714084           107.75825        100x100
      2.3160000     -1.3167510          0.24105488           1.7177449           101.41323        100x100
      2.3180000     -1.3144876          0.23516018           1.7453599           110.65189        100x100
      2.3200000     -1.3118102          0.24159195           1.6823403           94.380861        100x100
      2.3220000     -1.3076908          0.22761210           1.6632657           95.929995        100x100
      2.3240000     -1.3025632          0.19262854           1.5499087           81.416424        100x100
      2.3260000     -1.3008992          0.20417054           1.5902581           84.336184        100x100
      2.3280000     -1.2982941          0.21267816           1.5643958           83.227304        100x100
      2.3300000     -1.2946460          0.19649167           1.5179867           76.417567        100x100
      2.3320000     -1.2913997          0.18149015           1.5009497           68.139169        100x100
      2.3340000     -1.2880886          0.18612495           1.4947327           68.771785        100x100
      2.3360000     -1.2858035          0.17275088           1.4472545           65.947341        100x100
      2.3380000     -1.2833314          0.18540875           1.5163159           71.435485        100x100
      2.3400000     -1.2795829          0.17525004           1.4624207           65.086349        100x100
      2.3420000     -1.2776790          0.18065594           1.4529398           65.528088        100x100
      2.3440000     -1.2744497          0.15939332           1.4157689           56.672578        100x100
      2.3460000     -1.2712242          0.16254969           1.3986642           57.762591        100x100
      2.3480000     -1.2687955          0.15461828           1.4109787           54.620820        100x100
      2.3500000     -1.2654567          0.15495752           1.3668327           53.933312        100x100
      2.3520000     -1.2630347          0.14563113           1.3420493           47.321999        100x100