|  Energies | Energy counts |
-800.00000      0.0000000
-796.00000      0.0000000
-792.00000      0.0000000
-788.00000      0.0000000
-784.00000      0.0000000
-780.00000      0.0000000
-776.00000      0.0000000
-772.00000      0.0000000
-768.00000      0.0000000
-764.00000      0.0000000
-760.00000      0.0000000
-756.00000      0.0000000
-752.00000      0.0000000
-748.00000      311.00000
-744.00000      0.0000000
-740.00000      0.0000000
-736.00000      0.0000000
-732.00000      0.0000000
-728.00000      0.0000000
-724.00000      0.0000000
-720.00000      0.0000000
-716.00000      0.0000000
-712.00000      0.0000000
-708.00000      23.000000
-704.00000      629.00000
-700.00000      278.00000
-696.00000      342.00000
-692.00000      498.00000
-688.00000      503.00000
-684.00000      577.00000
-680.00000      613.00000
-676.00000      2018.0000
-672.00000      2168.0000
-668.00000      1574.0000
-664.00000      2805.0000
-660.00000      4770.0000
-656.00000      5210.0000
-652.00000      3588.0000
-648.00000      6250.0000
-644.00000      6078.0000
-640.00000      9030.0000
-636.00000      9840.0000
-632.00000      12569.000
-628.00000      13063.000
-624.00000      17081.000
-620.00000      22765.000
-616.00000      25814.000
-612.00000      23032.000
-608.00000      24065.000
-604.00000      31669.000
-600.00000      37065.000
-596.00000      34687.000
-592.00000      47188.000
-588.00000      45614.000
-584.00000      59153.000
-580.00000      66755.000
-576.00000      68521.000
-572.00000      65032.000
-568.00000      78792.000
-564.00000      90271.000
-560.00000      90910.000
-556.00000      96352.000
-552.00000      102307.00
-548.00000      106241.00
-544.00000      127169.00
-540.00000      136711.00
-536.00000      139945.00
-532.00000      135956.00
-528.00000      152769.00
-524.00000      160980.00
-520.00000      155596.00
-516.00000      171016.00
-512.00000      182630.00
-508.00000      195328.00
-504.00000      212201.00
-500.00000      198226.00
-496.00000      205904.00
-492.00000      212248.00
-488.00000      223884.00
-484.00000      215661.00
-480.00000      212719.00
-476.00000      213981.00
-472.00000      224834.00
-468.00000      213568.00
-464.00000      199048.00
-460.00000      198854.00
-456.00000      209381.00
-452.00000      195993.00
-448.00000      188960.00
-444.00000      176405.00
-440.00000      167823.00
-436.00000      161597.00
-432.00000      146108.00
-428.00000      123363.00
-424.00000      127840.00
-420.00000      104496.00
-416.00000      110105.00
-412.00000      88328.000
-408.00000      74371.000
-404.00000      77240.000
-400.00000      59569.000
-396.00000      46269.000
-392.00000      45246.000
-388.00000      40774.000
-384.00000      31405.000
-380.00000      27554.000
-376.00000      21560.000
-372.00000      18432.000
-368.00000      14006.000
-364.00000      10624.000
-360.00000      12356.000
-356.00000      7751.0000
-352.00000      8116.0000
-348.00000      4750.0000
-344.00000      2820.0000
-340.00000      3443.0000
-336.00000      2075.0000
-332.00000      3226.0000
-328.00000      863.00000
-324.00000      612.00000
-320.00000      30.000000
-316.00000      214.00000
-312.00000      279.00000
-308.00000      185.00000
-304.00000      0.0000000
-300.00000      52.000000
-296.00000      0.0000000
-292.00000      0.0000000
-288.00000      0.0000000
-284.00000      0.0000000
-280.00000      0.0000000
-276.00000      0.0000000
-272.00000      0.0000000
-268.00000      0.0000000
-264.00000      0.0000000
-260.00000      0.0000000
-256.00000      0.0000000
-252.00000      0.0000000
-248.00000      0.0000000
-244.00000      0.0000000
-240.00000      0.0000000
-236.00000      0.0000000
-232.00000      0.0000000
-228.00000      0.0000000
-224.00000      0.0000000
-220.00000      0.0000000
-216.00000      0.0000000
-212.00000      0.0000000
-208.00000      0.0000000
-204.00000      0.0000000
-200.00000      0.0000000
-196.00000      0.0000000
-192.00000      0.0000000
-188.00000      0.0000000
-184.00000      0.0000000
-180.00000      0.0000000
-176.00000      0.0000000
-172.00000      0.0000000
-168.00000      0.0000000
-164.00000      0.0000000
-160.00000      0.0000000
-156.00000      0.0000000
-152.00000      0.0000000
-148.00000      0.0000000
-144.00000      0.0000000
-140.00000      0.0000000
-136.00000      0.0000000
-132.00000      0.0000000
-128.00000      0.0000000
-124.00000      0.0000000
-120.00000      0.0000000
-116.00000      0.0000000
-112.00000      0.0000000
-108.00000      0.0000000
-104.00000      0.0000000
-100.00000      0.0000000
-96.000000      0.0000000
-92.000000      0.0000000
-88.000000      0.0000000
-84.000000      0.0000000
-80.000000      0.0000000
-76.000000      0.0000000
-72.000000      0.0000000
-68.000000      0.0000000
-64.000000      0.0000000
-60.000000      0.0000000
-56.000000      0.0000000
-52.000000      0.0000000
-48.000000      0.0000000
-44.000000      0.0000000
-40.000000      0.0000000
-36.000000      0.0000000
-32.000000      0.0000000
-28.000000      0.0000000
-24.000000      0.0000000
-20.000000      0.0000000
-16.000000      0.0000000
-12.000000      0.0000000
-8.0000000      0.0000000
-4.0000000      0.0000000
 0.0000000      0.0000000
 4.0000000      0.0000000
 8.0000000      0.0000000
 12.000000      0.0000000
 16.000000      0.0000000
 20.000000      0.0000000
 24.000000      0.0000000
 28.000000      0.0000000
 32.000000      0.0000000
 36.000000      0.0000000
 40.000000      0.0000000
 44.000000      0.0000000
 48.000000      0.0000000
 52.000000      0.0000000
 56.000000      0.0000000
 60.000000      0.0000000
 64.000000      0.0000000
 68.000000      0.0000000
 72.000000      0.0000000
 76.000000      0.0000000
 80.000000      0.0000000
 84.000000      0.0000000
 88.000000      0.0000000
 92.000000      0.0000000
 96.000000      0.0000000
 100.00000      0.0000000
 104.00000      0.0000000
 108.00000      0.0000000
 112.00000      0.0000000
 116.00000      0.0000000
 120.00000      0.0000000
 124.00000      0.0000000
 128.00000      0.0000000
 132.00000      0.0000000
 136.00000      0.0000000
 140.00000      0.0000000
 144.00000      0.0000000
 148.00000      0.0000000
 152.00000      0.0000000
 156.00000      0.0000000
 160.00000      0.0000000
 164.00000      0.0000000
 168.00000      0.0000000
 172.00000      0.0000000
 176.00000      0.0000000
 180.00000      0.0000000
 184.00000      0.0000000
 188.00000      0.0000000
 192.00000      0.0000000
 196.00000      0.0000000
 200.00000      0.0000000
 204.00000      0.0000000
 208.00000      0.0000000
 212.00000      0.0000000
 216.00000      0.0000000
 220.00000      0.0000000
 224.00000      0.0000000
 228.00000      0.0000000
 232.00000      0.0000000
 236.00000      0.0000000
 240.00000      0.0000000
 244.00000      0.0000000
 248.00000      0.0000000
 252.00000      0.0000000
 256.00000      0.0000000
 260.00000      0.0000000
 264.00000      0.0000000
 268.00000      0.0000000
 272.00000      0.0000000
 276.00000      0.0000000
 280.00000      0.0000000
 284.00000      0.0000000
 288.00000      0.0000000
 292.00000      0.0000000
 296.00000      0.0000000
 300.00000      0.0000000
 304.00000      0.0000000
 308.00000      0.0000000
 312.00000      0.0000000
 316.00000      0.0000000
 320.00000      0.0000000
 324.00000      0.0000000
 328.00000      0.0000000
 332.00000      0.0000000
 336.00000      0.0000000
 340.00000      0.0000000
 344.00000      0.0000000
 348.00000      0.0000000
 352.00000      0.0000000
 356.00000      0.0000000
 360.00000      0.0000000
 364.00000      0.0000000
 368.00000      0.0000000
 372.00000      0.0000000
 376.00000      0.0000000
 380.00000      0.0000000
 384.00000      0.0000000
 388.00000      0.0000000
 392.00000      0.0000000
 396.00000      0.0000000
 400.00000      0.0000000
 404.00000      0.0000000
 408.00000      0.0000000
 412.00000      0.0000000
 416.00000      0.0000000
 420.00000      0.0000000
 424.00000      0.0000000
 428.00000      0.0000000
 432.00000      0.0000000
 436.00000      0.0000000
 440.00000      0.0000000
 444.00000      0.0000000
 448.00000      0.0000000
 452.00000      0.0000000
 456.00000      0.0000000
 460.00000      0.0000000
 464.00000      0.0000000
 468.00000      0.0000000
 472.00000      0.0000000
 476.00000      0.0000000
 480.00000      0.0000000
 484.00000      0.0000000
 488.00000      0.0000000
 492.00000      0.0000000
 496.00000      0.0000000
 500.00000      0.0000000
 504.00000      0.0000000
 508.00000      0.0000000
 512.00000      0.0000000
 516.00000      0.0000000
 520.00000      0.0000000
 524.00000      0.0000000
 528.00000      0.0000000
 532.00000      0.0000000
 536.00000      0.0000000
 540.00000      0.0000000
 544.00000      0.0000000
 548.00000      0.0000000
 552.00000      0.0000000
 556.00000      0.0000000
 560.00000      0.0000000
 564.00000      0.0000000
 568.00000      0.0000000
 572.00000      0.0000000
 576.00000      0.0000000
 580.00000      0.0000000
 584.00000      0.0000000
 588.00000      0.0000000
 592.00000      0.0000000
 596.00000      0.0000000
 600.00000      0.0000000
 604.00000      0.0000000
 608.00000      0.0000000
 612.00000      0.0000000
 616.00000      0.0000000
 620.00000      0.0000000
 624.00000      0.0000000
 628.00000      0.0000000
 632.00000      0.0000000
 636.00000      0.0000000
 640.00000      0.0000000
 644.00000      0.0000000
 648.00000      0.0000000
 652.00000      0.0000000
 656.00000      0.0000000
 660.00000      0.0000000
 664.00000      0.0000000
 668.00000      0.0000000
 672.00000      0.0000000
 676.00000      0.0000000
 680.00000      0.0000000
 684.00000      0.0000000
 688.00000      0.0000000
 692.00000      0.0000000
 696.00000      0.0000000
 700.00000      0.0000000
 704.00000      0.0000000
 708.00000      0.0000000
 712.00000      0.0000000
 716.00000      0.0000000
 720.00000      0.0000000
 724.00000      0.0000000
 728.00000      0.0000000
 732.00000      0.0000000
 736.00000      0.0000000
 740.00000      0.0000000
 744.00000      0.0000000
 748.00000      0.0000000
 752.00000      0.0000000
 756.00000      0.0000000
 760.00000      0.0000000
 764.00000      0.0000000
 768.00000      0.0000000
 772.00000      0.0000000
 776.00000      0.0000000
 780.00000      0.0000000
 784.00000      0.0000000
 788.00000      0.0000000
 792.00000      0.0000000
 796.00000      0.0000000
