|  Temperature  |  Energy-Mean  |  Magnetization-Mean  |  Specific heat  |  Susceptibility  |  Lattice  |
       2.2000000      -1.5473526      0.78718923       1.3653099       3.6820321          40x40
       2.2200000      -1.5165304      0.75337291       1.5582349       7.7194384          40x40
       2.2400000      -1.4871582      0.72500455       1.6424830       9.4409119          40x40
       2.2600000      -1.4485667      0.66942248       1.8635895       16.174254          40x40
       2.2800000      -1.4066549      0.59148779       2.0259882       27.080229          40x40
       2.3000000      -1.3623170      0.50446765       2.0460374       33.040188          40x40
       2.3200000      -1.3339344      0.47714423       1.8214730       27.961571          40x40
       2.3400000      -1.2938777      0.38989799       1.7080033       29.785922          40x40
       2.3600000      -1.2608459      0.33452646       1.4763533       25.330255          40x40
       2.3800000      -1.2329980      0.28698210       1.3410199       22.326808          40x40
       2.4000000      -1.2086474      0.26622390       1.2526919       20.218581          40x40
       2.2000000      -1.5460218      0.78450024       1.3436025       3.7986562          60x60
       2.2200000      -1.5161717      0.75210481       1.5877183       9.0546714          60x60
       2.2400000      -1.4862516      0.72316316       1.7095034       10.135817          60x60
       2.2600000      -1.4483072      0.66509864       1.9131403       18.167840          60x60
       2.2800000      -1.3942947      0.51932330       2.2759819       63.758169          60x60
       2.3000000      -1.3577666      0.44970356       2.2062639       66.997605          60x60
       2.3200000      -1.3181288      0.36299680       1.8784192       60.974525          60x60
       2.3400000      -1.2837344      0.27933258       1.6112114       48.808694          60x60
       2.3600000      -1.2563323      0.23831405       1.4397491       37.654435          60x60
       2.3800000      -1.2306560      0.21477200       1.2938178       32.091453          60x60
       2.4000000      -1.2045420      0.15610717       1.1489156       19.613346          60x60
       2.2000000      -1.5471494      0.78451644       1.4286814       4.9410903          80x80
       2.2200000      -1.5184640      0.75842363       1.5448750       6.6568814          80x80
       2.2400000      -1.4823997      0.70530911       1.8713846       18.176953          80x80
       2.2600000      -1.4476354      0.66064962       1.9595169       24.360520          80x80
       2.2800000      -1.3954212      0.49572913       2.5520651       111.42872          80x80
       2.3000000      -1.3482789      0.35331823       2.1129015       106.29577          80x80
       2.3200000      -1.3118096      0.26715225       1.8047363       78.537805          80x80
       2.3400000      -1.2821207      0.22594938       1.4885860       56.272581          80x80
       2.3600000      -1.2533260      0.17837653       1.3772510       44.574216          80x80
       2.3800000      -1.2276675      0.15104541       1.2599143       31.426065          80x80
       2.4000000      -1.2046391      0.12727468       1.1585069       23.689682          80x80
       2.2000000      -1.5456833      0.78336656       1.4582151       5.4994420        100x100
       2.2200000      -1.5163959      0.75325685       1.5922239       8.8637565        100x100
       2.2400000      -1.4819115      0.70528021       1.8139216       23.228944        100x100
       2.2600000      -1.4361848      0.57585279       2.4837749       149.73896        100x100
       2.2800000      -1.3949075      0.48683998       2.5004539       155.53271        100x100
       2.3000000      -1.3513420      0.37115682       2.1181282       132.92284        100x100
       2.3200000      -1.3092489      0.21176067       1.6589236       87.208074        100x100
       2.3400000      -1.2793130      0.18385883       1.5485161       74.497484        100x100
       2.3600000      -1.2517626      0.14345252       1.3632287       45.028079        100x100
       2.3800000      -1.2266632      0.11197039       1.2496735       29.699257        100x100
       2.4000000      -1.2040235      0.10061394       1.1540656       25.578570        100x100
