| # Monte Carlo cycles  |  Energy-Mean   |  Magnetization-Mean  |  # Accepted configurations  |  Specific heat  |  Susceptibility   |  Temperature |

                   1         -0.63000000         0.050000000          0.53500000           0.0000000           0.0000000           1.0000000
                 101          -1.7388119          0.56351485         0.073663366           18.551515           36.717138           1.0000000
                 201          -1.8666169          0.78012438         0.037437811           15.934924           37.406412           1.0000000
                 301          -1.9103654          0.85302326         0.025132890           12.184266           29.252025           1.0000000
                 401          -1.9324190          0.88960100         0.018977556           9.7336196           23.568265           1.0000000
                 501          -1.9453892          0.91150699         0.015284431           8.0642308           19.633962           1.0000000
                 601          -1.9536273          0.92601498         0.012895175           6.8655524           16.789372           1.0000000
                 701          -1.9599572          0.93649786         0.011141227           5.9845356           14.658618           1.0000000
                 801          -1.9645818          0.94433208        0.0098564295           5.3003171           13.000858           1.0000000
                 901          -1.9682575          0.95044395        0.0088401776           4.7572760           11.677746           1.0000000
                1001          -1.9711089          0.95531469        0.0080319680           4.3141135           10.596814           1.0000000
                1101          -1.9736240          0.95934605        0.0073387829           3.9484252           9.6994656           1.0000000
                1201          -1.9755371          0.96266028        0.0067776853           3.6379279           8.9403582           1.0000000
                1301          -1.9771560          0.96545350        0.0063297463           3.3738593           8.2909554           1.0000000
                1401          -1.9785439          0.96785867        0.0059457530           3.1446765           7.7293722           1.0000000
                1501          -1.9798201          0.96996003        0.0056129247           2.9456766           7.2392665           1.0000000
                1601          -1.9809494          0.97180200        0.0053029357           2.7705576           6.8075518           1.0000000
                1701          -1.9819283          0.97342446        0.0050293945           2.6151852           6.4242863           1.0000000
                1801          -1.9827873          0.97486396        0.0047973348           2.4761816           6.0817527           1.0000000
                1901          -1.9835928          0.97615992        0.0045896896           2.3515541           5.7739963           1.0000000
                2001          -1.9842829          0.97731884        0.0044027986           2.2385599           5.4957103           1.0000000
                2101          -1.9848501          0.97835317        0.0042217991           2.1357597           5.2427705           1.0000000
                2201          -1.9854203          0.97930713        0.0040595184           2.0422783           5.0122705           1.0000000
                2301          -1.9859192          0.98017166        0.0039178618           1.9568850           4.8011051           1.0000000
                2401          -1.9863557          0.98096002        0.0037838401           1.8785193           4.6069491           1.0000000
                2501          -1.9868293          0.98170332        0.0036645342           1.8062145           4.4280918           1.0000000
                2601          -1.9872280          0.98237985        0.0035544022           1.7391025           4.2624712           1.0000000
                2701          -1.9875528          0.98299519        0.0034505739           1.6768787           4.1086663           1.0000000
                2801          -1.9879257          0.98358265        0.0033514816           1.6191144           3.9657584           1.0000000
                2901          -1.9882627          0.98412789        0.0032574974           1.5653421           3.8324431           1.0000000
                3001          -1.9885705          0.98463512        0.0031756081           1.5149040           3.7077675           1.0000000
                3101          -1.9889004          0.98512093        0.0030893260           1.4676492           3.5910519           1.0000000
                3201          -1.9891284          0.98555608        0.0030224930           1.4232138           3.4812634           1.0000000
                3301          -1.9894274          0.98598606        0.0029460769           1.3814744           3.3781842           1.0000000
                3401          -1.9896589          0.98637754        0.0028770950           1.3421469           3.2809199           1.0000000
                3501          -1.9898857          0.98674950        0.0028106255           1.3052676           3.1891356           1.0000000
                3601          -1.9901250          0.98710636        0.0027520133           1.2701632           3.1023825           1.0000000
                3701          -1.9902567          0.98741827        0.0027033234           1.2377256           3.0200872           1.0000000
                3801          -1.9903920          0.98771902        0.0026532491           1.2062632           2.9420230           1.0000000
                3901          -1.9905768          0.98801846        0.0026057421           1.1764575           2.8680064           1.0000000
                4001          -1.9907098          0.98829168        0.0025681080           1.1485713           2.7975705           1.0000000
                4101          -1.9908778          0.98856255        0.0025213363           1.1214279           2.7305536           1.0000000
                4201          -1.9910259          0.98881695        0.0024761961           1.0955942           2.6666527           1.0000000
                4301          -1.9912020          0.98906882        0.0024273425           1.0708845           2.6057331           1.0000000
                4401          -1.9913111          0.98929448        0.0023920700           1.0473379           2.5474378           1.0000000
                4501          -1.9914441          0.98951677        0.0023605865           1.0249645           2.4917506           1.0000000
                4601          -1.9915736          0.98972941        0.0023255814           1.0035042           2.4384471           1.0000000
                4701          -1.9916401          0.98991598        0.0022984471          0.98336992           2.3873339           1.0000000
                4801          -1.9917892          0.99011977        0.0022568215          0.96356015           2.3384050           1.0000000
                4901          -1.9918955          0.99030606        0.0022281167          0.94466358           2.2913929           1.0000000
                5001          -1.9920096          0.99048790        0.0021995601          0.92636701           2.2462435           1.0000000
                5101          -1.9920819          0.99065085        0.0021750637          0.90898959           2.2028025           1.0000000
                5201          -1.9922092          0.99082388        0.0021433378          0.89205279           2.1610763           1.0000000
                5301          -1.9922920          0.99098095        0.0021269572          0.87579339           2.1208488           1.0000000
                5401          -1.9923921          0.99113590        0.0020977597          0.86015874           2.0821223           1.0000000
                5501          -1.9925086          0.99129158        0.0020673514          0.84497952           2.0448063           1.0000000
                5601          -1.9925674          0.99142832        0.0020460632          0.83067172           2.0087537           1.0000000
                5701          -1.9926697          0.99157165        0.0020224522          0.81659829           1.9739953           1.0000000
                5801          -1.9927219          0.99169798        0.0020065506          0.80334566           1.9403810           1.0000000
                5901          -1.9928012          0.99182766        0.0019822911          0.79018443           1.9079081           1.0000000
                6001          -1.9928779          0.99195301        0.0019596734          0.77761703           1.8765146           1.0000000
                6101          -1.9929372          0.99207015        0.0019435338          0.76535420           1.8461140           1.0000000
                6201          -1.9930253          0.99219158        0.0019210611          0.75339107           1.8167145           1.0000000
                6301          -1.9931043          0.99230757        0.0018981114          0.74196988           1.7882398           1.0000000
                6401          -1.9931339          0.99240744        0.0018829089          0.73090669           1.7605906           1.0000000
                6501          -1.9931780          0.99250808        0.0018650977          0.72019339           1.7338029           1.0000000
                6601          -1.9932222          0.99260567        0.0018542645          0.70989020           1.7078281           1.0000000
                6701          -1.9932965          0.99270930        0.0018370392          0.69963765           1.6826377           1.0000000
                6801          -1.9933348          0.99280032        0.0018225261          0.68987306           1.6581557           1.0000000
                6901          -1.9934024          0.99289741        0.0018026373          0.68020933           1.6343974           1.0000000
                7001          -1.9934467          0.99298529        0.0017904585          0.67094028           1.6112988           1.0000000
                7101          -1.9935192          0.99307914        0.0017751021          0.66178592           1.5888635           1.0000000
                7201          -1.9935467          0.99315928        0.0017643383          0.65315465           1.5670172           1.0000000
                7301          -1.9936269          0.99325092        0.0017490755          0.64445745           1.5458000           1.0000000
                7401          -1.9936752          0.99333266        0.0017342251          0.63612134           1.5251277           1.0000000
                7501          -1.9937168          0.99341088        0.0017231036          0.62797891           1.5049944           1.0000000
                7601          -1.9937653          0.99348901        0.0017103013          0.62002564           1.4853925           1.0000000
                7701          -1.9937969          0.99356058        0.0016962083          0.61256348           1.4663015           1.0000000
                7801          -1.9938226          0.99362966        0.0016850404          0.60515372           1.4476786           1.0000000
                7901          -1.9938881          0.99370713        0.0016713074          0.59772470           1.4295491           1.0000000
                8001          -1.9939370          0.99377890        0.0016579178          0.59064538           1.4118645           1.0000000
                8101          -1.9939785          0.99384706        0.0016497963          0.58373397           1.3946072           1.0000000
                8201          -1.9940093          0.99391111        0.0016400439          0.57711866           1.3777674           1.0000000
                8301          -1.9940224          0.99396940        0.0016311288          0.57065856           1.3613135           1.0000000
                8401          -1.9940793          0.99403761        0.0016164742          0.56408062           1.3452705           1.0000000
                8501          -1.9941136          0.99409893        0.0016086343          0.55772480           1.3295870           1.0000000
                8601          -1.9941542          0.99416056        0.0015963260          0.55149269           1.3142699           1.0000000
                8701          -1.9941719          0.99421503        0.0015880359          0.54552621           1.2992915           1.0000000
                8801          -1.9942291          0.99427849        0.0015748210          0.53951116           1.2846730           1.0000000
                8901          -1.9942782          0.99433828        0.0015627458          0.53367879           1.2703787           1.0000000
                9001          -1.9942895          0.99438785        0.0015548272          0.52824715           1.2563860           1.0000000
                9101          -1.9943061          0.99443797        0.0015448852          0.52274445           1.2426898           1.0000000
                9201          -1.9943332          0.99448973        0.0015400500          0.51732352           1.2292959           1.0000000
                9301          -1.9943694          0.99454252        0.0015331685          0.51203211           1.2161973           1.0000000
                9401          -1.9944027          0.99459366        0.0015232422          0.50687677           1.2033761           1.0000000
                9501          -1.9944343          0.99464372        0.0015135249          0.50176967           1.1908165           1.0000000
                9601          -1.9944641          0.99469222        0.0015045308          0.49681774           1.1785196           1.0000000
                9701          -1.9944934          0.99473972        0.0014959798          0.49193423           1.1664722           1.0000000
                9801          -1.9945006          0.99478012        0.0014932150          0.48736987           1.1546700           1.0000000
                9901          -1.9945339          0.99482729        0.0014836885          0.48264918           1.1431049           1.0000000
               10001          -1.9945675          0.99487351        0.0014758524          0.47803038           1.1317714           1.0000000
               10101          -1.9946094          0.99492129        0.0014656965          0.47345745           1.1206638           1.0000000
               10201          -1.9946192          0.99495981        0.0014603960          0.46923813           1.1097670           1.0000000
               10301          -1.9946442          0.99500194        0.0014534997          0.46505081           1.0990875           1.0000000
               10401          -1.9946803          0.99504615        0.0014436112          0.46074655           1.0886079           1.0000000
               10501          -1.9947024          0.99508618        0.0014381964          0.45663442           1.0783239           1.0000000
               10601          -1.9947146          0.99512310        0.0014342987          0.45257473           1.0682243           1.0000000
               10701          -1.9947566          0.99516681        0.0014246332          0.44847737           1.0583264           1.0000000
               10801          -1.9947847          0.99520646        0.0014165355          0.44450420           1.0486044           1.0000000
               10901          -1.9948161          0.99524631        0.0014104211          0.44058917           1.0390611           1.0000000
               11001          -1.9948305          0.99528134        0.0014057813          0.43680788           1.0296829           1.0000000
               11101          -1.9948536          0.99531799        0.0014021259          0.43305962           1.0204766           1.0000000
               11201          -1.9948558          0.99534863        0.0013987590          0.42949709           1.0114280           1.0000000
               11301          -1.9948695          0.99538094        0.0013954517          0.42597053           1.0025515           1.0000000
               11401          -1.9948987          0.99541751        0.0013889133          0.42238779          0.99382555           1.0000000
               11501          -1.9949291          0.99545387        0.0013798800          0.41885983          0.98525105           1.0000000
               11601          -1.9949522          0.99548789        0.0013753125          0.41541931          0.97682057           1.0000000
               11701          -1.9949680          0.99551961        0.0013686864          0.41209172          0.96853229           1.0000000
               11801          -1.9949750          0.99554868        0.0013651385          0.40890832          0.96038377           1.0000000
               11901          -1.9949786          0.99557642        0.0013624905          0.40571110          0.95236520           1.0000000
               12001          -1.9949963          0.99560703        0.0013565536          0.40254728          0.94448805           1.0000000
               12101          -1.9950244          0.99564003        0.0013511280          0.39935601          0.93674136           1.0000000
               12201          -1.9950266          0.99566593        0.0013462011          0.39638116          0.92911612           1.0000000
               12301          -1.9950589          0.99569913        0.0013385091          0.39327152          0.92162060           1.0000000
               12401          -1.9950738          0.99572736        0.0013329570          0.39034134          0.91424366           1.0000000
               12501          -1.9951012          0.99575834        0.0013274938          0.38738011          0.90698699           1.0000000
               12601          -1.9951305          0.99578962        0.0013233077          0.38442061          0.89984266           1.0000000
               12701          -1.9951437          0.99581647        0.0013174160          0.38159713          0.89280634           1.0000000
               12801          -1.9951676          0.99584564        0.0013108351          0.37874746          0.88588145           1.0000000
               12901          -1.9952004          0.99587668        0.0013033873          0.37590286          0.87906627           1.0000000
               13001          -1.9952227          0.99590455        0.0012979771          0.37315223          0.87235328           1.0000000
               13101          -1.9952355          0.99592970        0.0012941760          0.37053045          0.86574235           1.0000000
               13201          -1.9952511          0.99595523        0.0012930839          0.36788706          0.85922898           1.0000000
               13301          -1.9952613          0.99597925        0.0012882490          0.36529636          0.85281017           1.0000000
               13401          -1.9952668          0.99600142        0.0012868443          0.36284072          0.84649238           1.0000000
               13501          -1.9952907          0.99602807        0.0012821272          0.36027506          0.84026755           1.0000000
               13601          -1.9953092          0.99605323        0.0012760091          0.35775972          0.83413095           1.0000000
               13701          -1.9953113          0.99607364        0.0012736297          0.35541340          0.82808428           1.0000000
               13801          -1.9953235          0.99609630        0.0012691109          0.35301733          0.82212631           1.0000000
               13901          -1.9953334          0.99611826        0.0012642975          0.35065044          0.81625039           1.0000000
               14001          -1.9953439          0.99614028        0.0012599100          0.34839709          0.81046270           1.0000000
               14101          -1.9953493          0.99616056        0.0012562939          0.34613729          0.80475236           1.0000000
               14201          -1.9953588          0.99618161        0.0012516724          0.34391373          0.79912464           1.0000000
               14301          -1.9953814          0.99620586        0.0012464163          0.34163329          0.79357611           1.0000000
               14401          -1.9953843          0.99622491        0.0012431428          0.33946803          0.78809923           1.0000000
               14501          -1.9953927          0.99624509        0.0012381905          0.33733090          0.78270036           1.0000000
               14601          -1.9954092          0.99626704        0.0012327923          0.33516553          0.77737579           1.0000000
               14701          -1.9954207          0.99628733        0.0012291681          0.33305824          0.77212332           1.0000000
               14801          -1.9954348          0.99630802        0.0012252551          0.33094594          0.76694079           1.0000000
               14901          -1.9954527          0.99632944        0.0012210590          0.32884429          0.76182843           1.0000000
               15001          -1.9954623          0.99634824        0.0012182521          0.32682138          0.75678440           1.0000000
               15101          -1.9954884          0.99637143        0.0012115092          0.32472878          0.75180710           1.0000000
               15201          -1.9955062          0.99639234        0.0012074863          0.32269797          0.74689313           1.0000000
               15301          -1.9955225          0.99641265        0.0012041697          0.32069924          0.74204276           1.0000000
               15401          -1.9955334          0.99643140        0.0011992728          0.31874925          0.73725394           1.0000000
               15501          -1.9955409          0.99644894        0.0011957293          0.31684638          0.73252711           1.0000000
               15601          -1.9955528          0.99646753        0.0011925518          0.31494024          0.72786041           1.0000000
               15701          -1.9955621          0.99648526        0.0011903700          0.31308999          0.72325365           1.0000000
               15801          -1.9955813          0.99650528        0.0011844187          0.31119767          0.71870570           1.0000000
               15901          -1.9956015          0.99652538        0.0011794856          0.30932322          0.71421488           1.0000000
               16001          -1.9956140          0.99654334        0.0011753953          0.30750559          0.70977844           1.0000000
               16101          -1.9956083          0.99655643        0.0011744612          0.30583855          0.70539708           1.0000000
               16201          -1.9956200          0.99657367        0.0011715326          0.30411448          0.70107288           1.0000000
               16301          -1.9956260          0.99658917        0.0011695601          0.30246822          0.69680529           1.0000000
               16401          -1.9956369          0.99660600        0.0011673069          0.30074198          0.69258211           1.0000000
               16501          -1.9956500          0.99662323        0.0011661414          0.29904501          0.68841153           1.0000000
               16601          -1.9956581          0.99663906        0.0011645383          0.29742872          0.68429254           1.0000000
               16701          -1.9956637          0.99665379        0.0011628046          0.29582821          0.68022327           1.0000000
               16801          -1.9956741          0.99666984        0.0011588596          0.29418228          0.67619850           1.0000000
               16901          -1.9956849          0.99668540        0.0011552571          0.29259801          0.67222688           1.0000000
               17001          -1.9956832          0.99669637        0.0011564026          0.29116145          0.66832131           1.0000000
               17101          -1.9956891          0.99671072        0.0011537337          0.28965332          0.66444016           1.0000000
               17201          -1.9956939          0.99672461        0.0011525493          0.28819589          0.66060612           1.0000000
               17301          -1.9957043          0.99673978        0.0011499335          0.28666420          0.65681250           1.0000000
               17401          -1.9957071          0.99675306        0.0011482099          0.28515887          0.65305897           1.0000000
               17501          -1.9957088          0.99676590        0.0011459345          0.28371252          0.64935032           1.0000000
               17601          -1.9957133          0.99677916        0.0011453895          0.28225827          0.64568401           1.0000000
               17701          -1.9957189          0.99679255        0.0011438619          0.28084237          0.64206140           1.0000000
               17801          -1.9957109          0.99680215        0.0011429133          0.27952651          0.63847957           1.0000000
               17901          -1.9957008          0.99681135        0.0011416960          0.27816845          0.63493195           1.0000000
               18001          -1.9957080          0.99682490        0.0011388256          0.27674021          0.63142497           1.0000000
               18101          -1.9957229          0.99684023        0.0011355726          0.27529233          0.62795761           1.0000000
               18201          -1.9957327          0.99685402        0.0011331795          0.27388946          0.62452857           1.0000000
               18301          -1.9957439          0.99686793        0.0011308125          0.27250087          0.62113808           1.0000000
               18401          -1.9957573          0.99688251        0.0011262975          0.27110422          0.61778251           1.0000000
               18501          -1.9957651          0.99689557        0.0011252094          0.26976477          0.61446348           1.0000000
               18601          -1.9957712          0.99690769        0.0011235955          0.26850088          0.61118500           1.0000000
               18701          -1.9957895          0.99692316        0.0011191915          0.26712299          0.60793666           1.0000000
               18801          -1.9957896          0.99693394        0.0011174938          0.26587742          0.60472277           1.0000000
               18901          -1.9957944          0.99694566        0.0011147558          0.26461239          0.60154327           1.0000000
               19001          -1.9958002          0.99695753        0.0011133625          0.26333893          0.59839618           1.0000000
               19101          -1.9958138          0.99697136        0.0011114601          0.26203600          0.59528178           1.0000000
               19201          -1.9958158          0.99698219        0.0011087964          0.26083318          0.59220057           1.0000000
               19301          -1.9958282          0.99699549        0.0011069375          0.25956140          0.58915017           1.0000000
               19401          -1.9958415          0.99700892        0.0011038091          0.25829778          0.58613118           1.0000000
               19501          -1.9958515          0.99702143        0.0011014820          0.25706140          0.58314271           1.0000000
               19601          -1.9958568          0.99703255        0.0010994337          0.25586520          0.58018516           1.0000000
               19701          -1.9958708          0.99704584        0.0010966448          0.25463453          0.57725735           1.0000000
               19801          -1.9958755          0.99705646        0.0010946417          0.25355990          0.57436616           1.0000000
               19901          -1.9958801          0.99706698        0.0010936636          0.25242370          0.57149891           1.0000000