| # Monte Carlo cycles  |  Energy-Mean   |  Magnetization-Mean  |  # Accepted configurations  |  Specific heat  |  Susceptibility   |  Temperature |

                   1         -0.45000000         0.025000000          0.63750000           0.0000000           0.0000000           2.4000000
                 101          -1.1176238          0.14623762          0.31861386           1.1178697           2.5216507           2.4000000
                 201          -1.1359701          0.27390547          0.30837065          0.95993499           5.0051486           2.4000000
                 301          -1.1512292          0.34313953          0.30141196          0.97980001           5.6318705           2.4000000
                 401          -1.1936160          0.42259352          0.28605985           1.3665241           7.7594359           2.4000000
                 501          -1.1726946          0.37260479          0.29349800           1.3706008           8.3577265           2.4000000
                 601          -1.1770216          0.37481697          0.29144759           1.3062452           7.5474154           2.4000000
                 701          -1.1900285          0.39722539          0.28703994           1.3478958           7.5967376           2.4000000
                 801          -1.1909114          0.38555556          0.28666042           1.2420789           7.4209067           2.4000000
                 901          -1.1985905          0.39658713          0.28413430           1.2534460           7.4519109           2.4000000
                1001          -1.2060839          0.41384116          0.28095654           1.3218482           7.7843832           2.4000000
                1101          -1.2110627          0.41839691          0.27902134           1.2905854           7.3981450           2.4000000
                1201          -1.2068526          0.40925895          0.28080558           1.2732158           7.1594769           2.4000000
                1301          -1.2050730          0.40304766          0.28179862           1.2270432           6.9484231           2.4000000
                1401          -1.2010136          0.38418630          0.28346360           1.1959494           7.3061471           2.4000000
                1501          -1.1981213          0.38226516          0.28436209           1.1867783           7.0917109           2.4000000
                1601          -1.2007683          0.38365397          0.28335415           1.1803541           6.7386450           2.4000000
                1701          -1.1973545          0.37183128          0.28453704           1.1588157           6.9335656           2.4000000
                1801          -1.1889228          0.36018878          0.28759717           1.2196045           7.0094656           2.4000000
                1901          -1.1936665          0.36647291          0.28565492           1.2644567           7.5049251           2.4000000
                2001          -1.2002699          0.38016492          0.28320340           1.3112421           7.8166830           2.4000000
                2101          -1.2003046          0.38439315          0.28315564           1.2686289           7.5737150           2.4000000
                2201          -1.1977192          0.37456156          0.28396070           1.2559806           7.7082502           2.4000000
                2301          -1.1975837          0.36897653          0.28404281           1.2184788           7.6266561           2.4000000
                2401          -1.2001499          0.37623074          0.28321012           1.2096565           7.6144931           2.4000000
                2501          -1.2006517          0.38027989          0.28291184           1.1958005           7.4742339           2.4000000
                2601          -1.2006344          0.38241446          0.28303633           1.1768511           7.3515531           2.4000000
                2701          -1.2017105          0.38540355          0.28260181           1.1765729           7.2279656           2.4000000
                2801          -1.2072224          0.39619600          0.28045876           1.2451602           7.6006898           2.4000000
                2901          -1.2108825          0.40307653          0.27906756           1.2747889           7.7102819           2.4000000
                3001          -1.2159280          0.41354548          0.27705765           1.3047096           8.0046332           2.4000000
                3101          -1.2174911          0.41875524          0.27637294           1.3173502           8.0763971           2.4000000
                3201          -1.2141112          0.41236957          0.27771243           1.3179887           8.1020177           2.4000000
                3301          -1.2148682          0.41470615          0.27738413           1.3227866           8.0133351           2.4000000
                3401          -1.2151044          0.41382976          0.27717657           1.3089326           7.9513840           2.4000000
                3501          -1.2128078          0.40712225          0.27810840           1.2989483           8.0119124           2.4000000
                3601          -1.2123327          0.40794085          0.27841155           1.2868533           7.8974524           2.4000000
                3701          -1.2124480          0.41065253          0.27841462           1.2685652           7.8000585           2.4000000
                3801          -1.2114417          0.40700737          0.27887135           1.2577812           7.8100537           2.4000000
                3901          -1.2156191          0.41462446          0.27727506           1.2913824           8.0157299           2.4000000
                4001          -1.2167633          0.41628843          0.27688203           1.2983765           7.9448277           2.4000000
                4101          -1.2152621          0.41436357          0.27742929           1.3017361           7.9837535           2.4000000
                4201          -1.2131683          0.40937158          0.27826589           1.3001919           8.0299310           2.4000000
                4301          -1.2108207          0.40673564          0.27911300           1.3013738           7.9673513           2.4000000
                4401          -1.2111111          0.40731197          0.27892638           1.2854223           7.9145308           2.4000000
                4501          -1.2110398          0.40443568          0.27907521           1.2683622           7.8806808           2.4000000
                4601          -1.2100630          0.40377635          0.27951532           1.2579735           7.8243574           2.4000000
                4701          -1.2098405          0.40171666          0.27951978           1.2507620           7.8444745           2.4000000
                4801          -1.2085711          0.39688607          0.28007238           1.2481688           7.9018953           2.4000000
                4901          -1.2088839          0.39844522          0.27998878           1.2548430           7.8894665           2.4000000
                5001          -1.2081884          0.39832533          0.28024645           1.2438066           7.8269446           2.4000000
                5101          -1.2066654          0.39439130          0.28090865           1.2422725           7.8534220           2.4000000
                5201          -1.2049529          0.38957124          0.28153672           1.2398445           7.9236683           2.4000000
                5301          -1.2031862          0.38622430          0.28226325           1.2434064           7.9724141           2.4000000
                5401          -1.2015164          0.38334383          0.28287956           1.2451563           7.9220456           2.4000000
                5501          -1.2030576          0.38641247          0.28231640           1.2554330           7.9403571           2.4000000
                5601          -1.2014712          0.38276111          0.28291510           1.2502663           7.9513383           2.4000000
                5701          -1.2032503          0.38711191          0.28228644           1.2631906           8.0380262           2.4000000
                5801          -1.2032339          0.38682555          0.28234313           1.2683341           8.0625515           2.4000000
                5901          -1.2044789          0.38946111          0.28182342           1.2734838           8.1031502           2.4000000
                6001          -1.2041760          0.38826029          0.28189635           1.2726322           8.0082885           2.4000000
                6101          -1.2043681          0.38828225          0.28176692           1.2631500           7.9058665           2.4000000
                6201          -1.2056023          0.39115949          0.28130423           1.2702787           7.8973005           2.4000000
                6301          -1.2057102          0.39050230          0.28126845           1.2604938           7.8915737           2.4000000
                6401          -1.2065537          0.39320419          0.28099477           1.2547104           7.8806822           2.4000000
                6501          -1.2073881          0.39612675          0.28063490           1.2511627           7.8820264           2.4000000
                6601          -1.2070005          0.39677852          0.28084533           1.2586057           7.9287878           2.4000000
                6701          -1.2057842          0.39258170          0.28134159           1.2587508           8.0365614           2.4000000
                6801          -1.2061579          0.39276283          0.28120166           1.2577532           8.0988332           2.4000000
                6901          -1.2061556          0.39255398          0.28116577           1.2514300           8.0893557           2.4000000
                7001          -1.2077318          0.39575918          0.28054385           1.2593616           8.1430115           2.4000000
                7101          -1.2091142          0.39863892          0.28005035           1.2641014           8.1589922           2.4000000
                7201          -1.2099486          0.40067005          0.27971185           1.2662331           8.1577129           2.4000000
                7301          -1.2110670          0.40356663          0.27930660           1.2707961           8.1861474           2.4000000
                7401          -1.2093920          0.40065869          0.28002094           1.2843747           8.2239295           2.4000000
                7501          -1.2092614          0.40123517          0.28003400           1.2879496           8.2114225           2.4000000
                7601          -1.2118669          0.40542560          0.27911360           1.3173450           8.3442277           2.4000000
                7701          -1.2128256          0.40698091          0.27869335           1.3125542           8.3057537           2.4000000
                7801          -1.2144328          0.41005063          0.27806788           1.3224223           8.3546523           2.4000000
                7901          -1.2145247          0.41069168          0.27806449           1.3138627           8.2802218           2.4000000
                8001          -1.2143557          0.40847019          0.27809961           1.3042945           8.2719519           2.4000000
                8101          -1.2153882          0.41136773          0.27773084           1.3127092           8.3076420           2.4000000
                8201          -1.2161724          0.41365382          0.27745885           1.3231750           8.3350880           2.4000000
                8301          -1.2184363          0.41745151          0.27660734           1.3456252           8.4419520           2.4000000
                8401          -1.2204249          0.42069516          0.27582728           1.3590626           8.4954220           2.4000000
                8501          -1.2197541          0.41924009          0.27602047           1.3559825           8.5335694           2.4000000
                8601          -1.2190222          0.41797000          0.27624956           1.3480076           8.4980129           2.4000000
                8701          -1.2188507          0.41766866          0.27636536           1.3438406           8.4713612           2.4000000
                8801          -1.2187956          0.41673617          0.27638337           1.3387654           8.4397771           2.4000000
                8901          -1.2181553          0.41557690          0.27661864           1.3338678           8.4070706           2.4000000
                9001          -1.2193790          0.41815520          0.27618070           1.3330728           8.4272811           2.4000000
                9101          -1.2194012          0.41754752          0.27615509           1.3281114           8.4030237           2.4000000
                9201          -1.2187143          0.41552168          0.27641180           1.3276704           8.4404656           2.4000000
                9301          -1.2175874          0.41349425          0.27685571           1.3303667           8.4662677           2.4000000
                9401          -1.2169312          0.41218487          0.27709313           1.3254926           8.4281330           2.4000000
                9501          -1.2173929          0.41302073          0.27688191           1.3247445           8.3888276           2.4000000
                9601          -1.2179856          0.41507603          0.27659384           1.3303522           8.4055028           2.4000000
                9701          -1.2173260          0.41445521          0.27683332           1.3442174           8.4327612           2.4000000
                9801          -1.2175462          0.41461535          0.27674089           1.3521231           8.4936010           2.4000000
                9901          -1.2180588          0.41611908          0.27657080           1.3492948           8.4974472           2.4000000
               10001          -1.2187141          0.41750675          0.27632637           1.3461033           8.4658193           2.4000000
               10101          -1.2192892          0.41919760          0.27611796           1.3471129           8.4582776           2.4000000
               10201          -1.2187795          0.41720714          0.27630698           1.3431915           8.4611228           2.4000000
               10301          -1.2184856          0.41465198          0.27643263           1.3398347           8.5192348           2.4000000
               10401          -1.2178887          0.41467695          0.27665994           1.3398968           8.4729548           2.4000000
               10501          -1.2179459          0.41543901          0.27661556           1.3439844           8.4447112           2.4000000
               10601          -1.2184134          0.41665786          0.27647533           1.3426283           8.4283855           2.4000000
               10701          -1.2188431          0.41816746          0.27631203           1.3404879           8.4080953           2.4000000
               10801          -1.2184298          0.41714286          0.27642741           1.3393254           8.4024655           2.4000000
               10901          -1.2174635          0.41551830          0.27678218           1.3380906           8.3862661           2.4000000
               11001          -1.2174884          0.41531497          0.27682438           1.3343188           8.3825006           2.4000000
               11101          -1.2164958          0.41323710          0.27719305           1.3362941           8.4056872           2.4000000
               11201          -1.2161218          0.41180609          0.27734689           1.3329993           8.3876241           2.4000000
               11301          -1.2160685          0.41139014          0.27736683           1.3309013           8.4104395           2.4000000
               11401          -1.2165854          0.41257434          0.27715990           1.3348242           8.4117781           2.4000000
               11501          -1.2160934          0.41118598          0.27735653           1.3302670           8.4078366           2.4000000
               11601          -1.2160684          0.41190673          0.27733795           1.3262768           8.3746160           2.4000000
               11701          -1.2155952          0.40946329          0.27752842           1.3224403           8.4316979           2.4000000
               11801          -1.2156656          0.40999026          0.27750784           1.3282243           8.4656989           2.4000000
               11901          -1.2159802          0.41056760          0.27737375           1.3270926           8.4359065           2.4000000
               12001          -1.2154862          0.40807099          0.27754062           1.3219685           8.5003929           2.4000000
               12101          -1.2155566          0.40718122          0.27750207           1.3164946           8.5261976           2.4000000
               12201          -1.2160815          0.40869642          0.27730473           1.3180235           8.5296505           2.4000000
               12301          -1.2170295          0.41078124          0.27691997           1.3267217           8.5714318           2.4000000
               12401          -1.2169051          0.41022579          0.27695650           1.3216979           8.5629152           2.4000000
               12501          -1.2184265          0.41280578          0.27640569           1.3401303           8.6448646           2.4000000
               12601          -1.2185398          0.41392548          0.27636398           1.3360642           8.6118529           2.4000000
               12701          -1.2192607          0.41552043          0.27605267           1.3432328           8.6478415           2.4000000
               12801          -1.2188868          0.41429615          0.27619327           1.3400301           8.6577124           2.4000000
               12901          -1.2189179          0.41426362          0.27617762           1.3470010           8.6949359           2.4000000
               13001          -1.2197708          0.41611914          0.27590224           1.3499214           8.7115384           2.4000000
               13101          -1.2198206          0.41607091          0.27591043           1.3463152           8.6821512           2.4000000
               13201          -1.2194720          0.41503485          0.27606659           1.3442638           8.6559684           2.4000000
               13301          -1.2191843          0.41439779          0.27616006           1.3388814           8.6225619           2.4000000
               13401          -1.2199373          0.41582531          0.27589303           1.3419497           8.6378059           2.4000000
               13501          -1.2192238          0.41423191          0.27616677           1.3403949           8.6472136           2.4000000
               13601          -1.2187067          0.41329902          0.27636938           1.3370103           8.6245996           2.4000000
               13701          -1.2180644          0.41192942          0.27660828           1.3345816           8.6279088           2.4000000
               13801          -1.2181798          0.41128759          0.27656003           1.3301637           8.5984430           2.4000000
               13901          -1.2189713          0.41282318          0.27628822           1.3319120           8.6054028           2.4000000
               14001          -1.2188537          0.41231805          0.27631598           1.3286615           8.6213032           2.4000000
               14101          -1.2187214          0.41277711          0.27635558           1.3241469           8.5767723           2.4000000
               14201          -1.2196726          0.41450637          0.27597264           1.3317244           8.6055752           2.4000000
               14301          -1.2194902          0.41485525          0.27602073           1.3266360           8.5580915           2.4000000
               14401          -1.2191271          0.41482953          0.27613569           1.3256368           8.5376329           2.4000000
               14501          -1.2185801          0.41362251          0.27633836           1.3270017           8.5380486           2.4000000
               14601          -1.2189610          0.41433224          0.27618708           1.3261912           8.5106864           2.4000000
               14701          -1.2183049          0.41402490          0.27645160           1.3317932           8.4927839           2.4000000
               14801          -1.2181582          0.41256199          0.27649872           1.3262645           8.5086295           2.4000000
               14901          -1.2171425          0.41087276          0.27686296           1.3312144           8.5400753           2.4000000
               15001          -1.2166396          0.41068095          0.27702220           1.3292193           8.4918369           2.4000000
               15101          -1.2167049          0.41075492          0.27700368           1.3302193           8.5061772           2.4000000
               15201          -1.2162187          0.40922242          0.27722140           1.3281146           8.5178810           2.4000000
               15301          -1.2155924          0.40802954          0.27741161           1.3274947           8.5150174           2.4000000
               15401          -1.2161003          0.40906597          0.27722128           1.3262161           8.5112297           2.4000000
               15501          -1.2162280          0.40975131          0.27718986           1.3243355           8.4908723           2.4000000
               15601          -1.2170194          0.41126819          0.27691654           1.3344666           8.5198287           2.4000000
               15701          -1.2170664          0.41156041          0.27688921           1.3383856           8.5377531           2.4000000
               15801          -1.2165926          0.41031644          0.27707424           1.3364060           8.5468938           2.4000000
               15901          -1.2165788          0.41058770          0.27706654           1.3351846           8.5289377           2.4000000
               16001          -1.2166271          0.41128679          0.27703315           1.3339916           8.5137492           2.4000000
               16101          -1.2160245          0.40992268          0.27725840           1.3318998           8.5253952           2.4000000
               16201          -1.2158830          0.40929943          0.27731143           1.3306277           8.5067917           2.4000000
               16301          -1.2155561          0.40748236          0.27741933           1.3277061           8.5544432           2.4000000
               16401          -1.2153777          0.40658710          0.27750396           1.3235342           8.5473252           2.4000000
               16501          -1.2153269          0.40639961          0.27749394           1.3214854           8.5144067           2.4000000
               16601          -1.2147202          0.40518975          0.27774697           1.3206413           8.5141287           2.4000000
               16701          -1.2145728          0.40588288          0.27781765           1.3187005           8.4965871           2.4000000
               16801          -1.2146110          0.40627701          0.27779730           1.3147369           8.4639702           2.4000000
               16901          -1.2151163          0.40754364          0.27763283           1.3155052           8.4675103           2.4000000
               17001          -1.2158920          0.40914564          0.27732898           1.3221873           8.5008177           2.4000000
               17101          -1.2160581          0.40994562          0.27725849           1.3186395           8.4740205           2.4000000
               17201          -1.2161177          0.40997675          0.27724362           1.3164470           8.4674223           2.4000000
               17301          -1.2159066          0.40870961          0.27731331           1.3126389           8.5049363           2.4000000
               17401          -1.2157031          0.40853370          0.27739613           1.3096901           8.4780622           2.4000000
               17501          -1.2155443          0.40808040          0.27744243           1.3149730           8.5230771           2.4000000
               17601          -1.2154593          0.40818505          0.27747642           1.3109250           8.4884410           2.4000000
               17701          -1.2155641          0.40871391          0.27741710           1.3091605           8.4833201           2.4000000
               17801          -1.2160631          0.40999803          0.27723316           1.3111159           8.4982719           2.4000000
               17901          -1.2167940          0.41134629          0.27694975           1.3166060           8.5252053           2.4000000
               18001          -1.2174696          0.41267402          0.27671421           1.3212747           8.5419334           2.4000000
               18101          -1.2172709          0.41241147          0.27680833           1.3210265           8.5308495           2.4000000
               18201          -1.2166255          0.41104637          0.27704178           1.3220845           8.5507357           2.4000000
               18301          -1.2163445          0.41018250          0.27715057           1.3211453           8.5742477           2.4000000
               18401          -1.2162480          0.41016276          0.27718045           1.3207093           8.5562464           2.4000000
               18501          -1.2161548          0.40973218          0.27721799           1.3219190           8.5719051           2.4000000
               18601          -1.2159825          0.40938901          0.27726574           1.3206021           8.5644072           2.4000000
               18701          -1.2152906          0.40888883          0.27752861           1.3232757           8.5345000           2.4000000
               18801          -1.2153098          0.40912132          0.27751955           1.3195635           8.5046406           2.4000000
               18901          -1.2152500          0.40871621          0.27754153           1.3159281           8.4911757           2.4000000
               19001          -1.2149866          0.40791064          0.27764170           1.3146378           8.4861091           2.4000000
               19101          -1.2148641          0.40802078          0.27768782           1.3176723           8.4790561           2.4000000
               19201          -1.2147097          0.40837769          0.27775884           1.3144389           8.4476752           2.4000000
               19301          -1.2144360          0.40770167          0.27787006           1.3122628           8.4370818           2.4000000
               19401          -1.2141323          0.40630766          0.27798013           1.3102547           8.4639179           2.4000000
               19501          -1.2138521          0.40589329          0.27807882           1.3090313           8.4499849           2.4000000
               19601          -1.2145289          0.40727004          0.27784284           1.3186412           8.4829500           2.4000000
               19701          -1.2150596          0.40856556          0.27761319           1.3187439           8.4989266           2.4000000
               19801          -1.2148876          0.40871774          0.27765214           1.3153046           8.4749414           2.4000000
               19901          -1.2149746          0.40899025          0.27762148           1.3131163           8.4556780           2.4000000